2	2	2	2	2	2	2	2	2	2	2	2	2	2	2	1	0	0	0	0
2	2	1	1	1	1	1	1	1	1	1	1	2	2	2	1	0	0	0	0
1	1	0	0	0	0	0	0	0	0	0	0	1	1	1	0	0	0	0	0
0	0	0	0	0	0	0	0	0	0	0	0	0	0	0	0	0	0	0	0
0	0	0	0	0	0	0	0	0	0	0	0	0	0	0	0	0	0	0	0
0	0	0	0	0	0	0	0	0	0	0	0	0	0	0	0	0	0	0	0
0.457543
0.335638
0	0	1	2	2	2	2	2	2	2	2	2	1	1	1	1	1	0	0	0
0	0	0	1	1	1	1	2	2	2	2	2	2	2	2	2	2	1	0	0
0	0	0	0	0	0	0	1	1	1	1	2	2	2	2	2	2	1	0	0
0	0	0	0	0	0	0	0	0	0	1	2	1	2	2	1	1	0	0	0
0	0	0	0	0	0	0	0	0	0	0	1	0	1	1	0	0	0	0	0
0	0	0	0	0	0	0	0	0	0	0	0	0	0	0	0	0	0	0	0
0.0663912
0.164207
0	0	0	0	0	0	0	0	1	1	0	1	1	2	2	2	2	2	2	1
0	0	0	0	0	0	0	1	2	2	1	2	2	2	2	2	2	2	2	2
0	0	0	0	0	0	1	2	2	2	2	2	1	2	2	1	1	2	2	2
0	0	0	0	0	1	2	2	2	2	1	1	0	1	1	0	0	1	1	1
0	0	0	0	0	1	2	2	2	1	0	0	0	0	0	0	0	0	0	0
0	0	0	0	0	0	1	1	1	0	0	0	0	0	0	0	0	0	0	0
0.350373
0.217988
2	2	2	2	2	1	1	1	1	0	1	2	2	1	0	0	0	0	0	0
2	2	2	2	2	2	2	2	2	1	0	1	2	1	0	0	0	0	0	0
1	2	2	2	2	1	1	1	2	2	1	1	2	1	0	0	0	0	0	0
2	2	2	2	2	1	0	0	1	2	2	2	2	2	1	0	0	0	0	0
2	2	2	2	2	2	1	0	1	2	2	2	2	2	1	0	0	0	0	0
1	1	1	1	1	1	0	0	0	1	1	1	1	1	0	0	0	0	0	0
0.310459
0.276598
0	0	0	0	0	0	0	1	2	2	1	0	0	0	0	0	0	0	0	0
0	0	0	0	0	0	0	0	1	2	2	1	0	0	0	0	0	0	0	0
0	0	0	0	0	0	0	0	0	1	2	1	0	0	0	0	0	0	0	0
0	0	0	0	0	0	0	0	0	1	2	1	0	0	0	0	0	0	0	0
0	0	0	0	0	0	0	0	0	0	1	0	0	0	0	0	0	0	0	0
0	0	0	0	0	0	0	0	0	0	0	0	0	0	0	0	0	0	0	0
0.550546
0.488456
1	2	2	2	2	2	2	2	2	2	2	2	2	2	2	2	2	2	2	2
0	1	1	1	1	1	1	2	2	2	2	1	2	2	2	2	2	2	2	2
0	0	0	0	0	0	0	1	2	2	1	0	1	1	1	1	1	1	1	1
0	0	0	0	0	0	0	0	1	1	0	0	0	0	0	0	0	0	0	0
0	0	0	0	0	0	0	0	0	0	0	0	0	0	0	0	0	0	0	0
0	0	0	0	0	0	0	0	0	0	0	0	0	0	0	0	0	0	0	0
0.427932
0.0899964
1	2	2	2	2	2	2	2	1	0	0	0	0	0	0	0	0	0	0	0
1	2	2	2	2	2	2	2	2	1	0	0	0	0	0	0	0	0	0	0
2	2	2	2	2	2	2	2	2	1	0	0	0	0	0	0	0	0	0	0
2	2	2	1	2	2	2	2	2	1	0	0	0	0	0	0	0	0	0	0
1	1	1	0	1	1	1	1	1	0	0	0	0	0	0	0	0	0	0	0
0	0	0	0	0	0	0	0	0	0	0	0	0	0	0	0	0	0	0	0
0.584193
0.423362
0	0	0	0	0	0	0	0	0	0	0	1	2	2	2	2	2	2	2	2
0	0	0	0	0	0	0	0	0	0	0	0	1	1	1	2	2	1	2	2
0	0	0	0	0	0	0	0	0	0	0	0	0	0	0	1	1	0	1	1
0	0	0	0	0	0	0	0	0	0	0	0	0	0	0	0	0	0	0	0
0	0	0	0	0	0	0	0	0	0	0	0	0	0	0	0	0	0	0	0
0	0	0	0	0	0	0	0	0	0	0	0	0	0	0	0	0	0	0	0
0.456296
0.369118
1	2	2	2	2	1	0	0	0	0	0	0	0	0	0	0	0	0	0	0
0	1	2	2	2	1	0	0	0	0	0	0	0	0	0	0	0	0	0	0
0	0	1	1	1	0	0	0	0	0	0	0	0	0	0	0	0	0	0	0
0	0	0	0	0	0	0	0	0	0	0	0	0	0	0	0	0	0	0	0
0	0	0	0	0	0	0	0	0	0	0	0	0	0	0	0	0	0	0	0
0	0	0	0	0	0	0	0	0	0	0	0	0	0	0	0	0	0	0	0
0.628503
0.557447
2	2	1	1	1	1	0	0	0	0	0	0	0	0	0	0	0	0	0	0
2	2	2	2	2	2	1	0	0	0	0	0	0	0	0	0	0	0	0	0
2	2	2	2	2	1	0	0	0	0	0	0	0	0	0	0	0	0	0	0
2	2	2	2	2	1	0	0	0	0	0	0	0	0	0	0	0	0	0	0
2	2	2	2	2	1	0	0	0	0	0	0	0	0	0	0	0	0	0	0
1	1	1	1	1	0	0	0	0	0	0	0	0	0	0	0	0	0	0	0
0.603692
0.550585
0	0	0	0	0	0	1	2	2	2	2	2	2	2	1	0	0	0	0	0
0	0	0	0	0	0	0	1	1	1	1	1	1	1	0	0	0	0	0	0
0	0	0	0	0	0	0	0	0	0	0	0	0	0	0	0	0	0	0	0
0	0	0	0	0	0	0	0	0	0	0	0	0	0	0	0	0	0	0	0
0	0	0	0	0	0	0	0	0	0	0	0	0	0	0	0	0	0	0	0
0	0	0	0	0	0	0	0	0	0	0	0	0	0	0	0	0	0	0	0
0.552667
0.522127
0	0	0	0	0	0	0	0	0	0	1	2	2	2	2	2	1	0	0	0
0	0	0	0	0	0	0	0	0	0	0	1	1	1	1	2	2	1	1	1
0	0	0	0	0	0	0	0	0	0	0	0	0	0	0	1	2	2	2	2
0	0	0	0	0	0	0	0	0	0	0	0	0	0	0	1	2	2	2	2
0	0	0	0	0	0	0	0	0	0	0	0	0	0	0	1	2	2	2	2
0	0	0	0	0	0	0	0	0	0	0	0	0	0	0	0	1	1	1	1
0.399789
0.347718
0	1	2	2	2	2	2	2	2	2	2	2	1	0	0	0	0	0	0	0
0	1	2	1	1	1	2	2	2	2	2	1	0	0	0	0	0	0	0	0
1	2	2	1	0	1	2	2	2	2	2	1	0	0	0	0	0	0	0	0
1	2	2	1	1	1	2	2	2	2	1	0	0	0	0	0	0	0	0	0
0	1	2	2	2	2	2	2	1	1	0	0	0	0	0	0	0	0	0	0
0	0	1	1	1	1	1	1	0	0	0	0	0	0	0	0	0	0	0	0
0.388624
0.347597
2	2	2	2	2	2	2	2	2	2	2	2	2	1	0	0	0	0	0	0
2	2	2	2	2	2	1	1	1	1	1	1	1	0	0	0	0	0	0	0
2	2	2	2	1	1	0	0	0	0	0	0	0	0	0	0	0	0	0	0
2	2	2	2	1	0	0	0	0	0	0	0	0	0	0	0	0	0	0	0
2	2	2	2	2	1	0	0	0	0	0	0	0	0	0	0	0	0	0	0
1	1	1	1	1	0	0	0	0	0	0	0	0	0	0	0	0	0	0	0
0.539561
0.461026
0	0	0	0	0	0	0	0	0	0	1	2	2	2	2	2	2	2	1	0
0	0	0	0	0	0	0	0	0	0	1	2	2	2	2	2	2	2	1	0
0	0	0	0	0	0	0	0	0	0	0	1	2	2	2	2	2	2	2	1
0	0	0	0	0	0	0	0	0	0	0	0	1	2	2	2	2	2	2	1
0	0	0	0	0	0	0	0	0	0	0	0	1	2	2	2	1	1	1	0
0	0	0	0	0	0	0	0	0	0	0	0	0	1	1	1	0	0	0	0
0.28258
0.24067
0	0	1	2	2	2	2	2	1	1	2	2	1	0	0	0	0	0	0	0
0	0	0	1	1	2	2	2	2	2	2	1	0	0	0	0	0	0	0	0
0	0	0	0	1	2	2	1	1	1	1	0	0	0	0	0	0	0	0	0
0	0	0	0	0	1	1	0	0	0	0	0	0	0	0	0	0	0	0	0
0	0	0	0	0	0	0	0	0	0	0	0	0	0	0	0	0	0	0	0
0	0	0	0	0	0	0	0	0	0	0	0	0	0	0	0	0	0	0	0
0.445913
0.201596
2	2	2	2	2	2	2	1	1	0	0	0	0	0	0	0	0	0	0	0
2	2	2	2	2	2	2	2	2	1	1	1	0	0	0	0	0	0	0	0
2	2	2	2	2	2	2	2	2	2	2	2	1	0	0	0	0	0	0	0
2	2	2	2	2	2	2	2	2	2	2	1	0	0	0	0	0	0	0	0
2	2	2	2	2	2	2	2	2	2	1	0	0	0	0	0	0	0	0	0
1	1	1	1	1	1	1	1	1	1	0	0	0	0	0	0	0	0	0	0
0.558623
0.480318
0	0	0	0	0	0	0	0	0	1	1	2	2	2	2	2	2	2	2	2
0	0	0	0	0	0	0	0	1	2	2	2	2	2	2	2	2	2	2	2
0	0	0	0	0	0	0	0	0	1	1	2	2	2	2	2	1	1	1	1
0	0	0	0	0	0	0	0	0	0	1	2	2	2	1	1	0	0	0	0
0	0	0	0	0	0	0	0	0	0	0	1	1	1	0	0	0	0	0	0
0	0	0	0	0	0	0	0	0	0	0	0	0	0	0	0	0	0	0	0
0.369967
0.0920585
0	0	0	0	0	0	0	0	0	0	0	0	0	0	1	2	2	2	2	2
0	0	0	0	0	0	0	0	0	0	0	0	0	0	1	2	2	2	2	2
0	0	0	0	0	0	0	0	0	0	0	0	0	0	0	1	1	1	2	1
0	0	0	0	0	0	0	0	0	0	0	0	0	0	0	0	0	0	1	0
0	0	0	0	0	0	0	0	0	0	0	0	0	0	0	0	0	0	0	0
0	0	0	0	0	0	0	0	0	0	0	0	0	0	0	0	0	0	0	0
0.429596
0.377796
0	1	2	2	2	2	2	2	2	1	0	0	0	0	1	1	1	0	0	0
0	1	2	2	2	2	2	2	2	1	0	0	0	1	2	2	2	1	1	0
0	0	1	1	1	1	2	2	2	1	1	1	0	1	2	2	2	2	2	1
0	0	0	0	0	1	2	2	2	2	2	2	1	2	2	2	2	2	2	2
0	0	0	0	0	1	2	2	2	1	1	2	2	2	2	2	2	2	2	2
0	0	0	0	0	0	1	1	1	0	0	1	1	1	1	1	1	1	1	1
0.276349
0.263524
0	0	0	0	0	0	0	0	0	0	0	0	0	0	0	1	2	2	2	2
0	0	0	0	0	0	0	0	0	0	0	0	0	0	0	0	1	1	2	2
0	0	0	0	0	0	0	0	0	0	0	0	0	0	0	0	0	1	2	2
0	0	0	0	0	0	0	0	0	0	0	0	0	0	0	0	0	0	1	1
0	0	0	0	0	0	0	0	0	0	0	0	0	0	0	0	0	0	0	0
0	0	0	0	0	0	0	0	0	0	0	0	0	0	0	0	0	0	0	0
0.593295
0.553332
0	0	0	1	2	2	2	2	2	2	2	2	2	2	2	2	2	2	2	1
0	0	0	1	2	2	2	2	2	2	2	2	2	2	2	2	2	2	2	2
0	0	0	0	1	2	2	2	2	2	2	2	1	1	1	2	2	2	2	2
0	0	0	0	0	1	1	1	1	1	1	1	0	0	0	1	1	1	2	2
0	0	0	0	0	0	0	0	0	0	0	0	0	0	0	0	0	0	1	1
0	0	0	0	0	0	0	0	0	0	0	0	0	0	0	0	0	0	0	0
0.545243
0.265806
1	1	1	2	1	0	0	0	0	0	0	0	0	0	0	0	0	0	0	0
2	2	2	2	1	1	1	1	1	1	0	0	0	0	0	0	0	0	0	0
2	2	2	2	2	2	2	2	2	2	1	0	0	0	0	0	0	0	0	0
1	1	1	1	1	1	1	2	2	2	2	1	0	0	0	0	0	0	0	0
0	0	0	0	0	0	1	2	2	2	2	1	0	0	0	0	0	0	0	0
0	0	0	0	0	0	0	1	1	1	1	0	0	0	0	0	0	0	0	0
0.479212
0.396709
0	0	0	0	1	2	2	2	1	1	1	0	0	0	0	0	0	0	0	0
0	0	0	0	1	2	2	2	2	2	2	1	0	0	0	0	0	0	0	0
1	1	1	1	1	2	2	2	2	2	2	2	1	1	1	1	1	1	0	0
2	2	2	2	2	2	2	2	2	2	2	2	2	2	2	2	2	2	1	0
2	2	2	2	2	2	2	2	2	2	1	2	2	1	1	1	1	1	0	0
1	1	1	1	1	1	1	1	1	1	0	1	1	0	0	0	0	0	0	0
0.303065
0.18097
0	0	0	0	0	1	1	1	1	1	2	2	2	2	2	2	2	2	2	1
0	0	0	0	1	2	2	2	2	2	2	2	2	2	2	1	1	2	2	1
0	0	0	0	1	2	2	2	2	2	2	2	1	1	1	0	1	2	2	2
0	0	0	0	1	2	2	2	2	2	2	1	0	0	0	0	1	2	2	2
0	0	0	0	0	1	1	1	1	1	1	0	0	0	0	0	1	2	1	1
0	0	0	0	0	0	0	0	0	0	0	0	0	0	0	0	0	1	0	0
0.401254
0.160464
0	0	0	0	0	0	0	0	0	0	0	0	0	1	2	2	2	2	2	2
0	0	0	0	0	0	0	0	0	0	0	0	0	0	1	1	2	2	2	2
0	0	0	0	0	0	0	0	0	0	0	0	0	0	0	1	2	2	2	2
0	0	0	0	0	0	0	0	0	0	0	0	0	0	1	2	2	2	2	2
0	0	0	0	0	0	0	0	0	0	0	0	0	0	1	2	2	2	2	2
0	0	0	0	0	0	0	0	0	0	0	0	0	0	0	1	1	1	1	1
0.583947
0.454398
1	1	1	1	1	2	2	1	0	0	0	0	0	0	0	0	0	0	0	0
2	2	2	2	2	2	1	0	0	0	0	0	0	0	0	0	0	0	0	0
2	2	2	2	2	2	1	1	1	0	0	0	0	0	0	0	0	0	0	0
1	2	2	2	2	2	2	2	2	1	0	0	0	0	0	0	0	0	0	0
1	2	2	2	2	2	2	2	1	0	0	0	0	0	0	0	0	0	0	0
0	1	1	1	1	1	1	1	0	0	0	0	0	0	0	0	0	0	0	0
0.285633
0.306218
0	0	0	0	0	0	0	1	2	2	2	2	2	2	2	2	2	2	2	2
0	0	0	0	0	0	0	1	2	2	1	1	1	1	2	2	2	2	2	2
0	0	0	0	0	0	0	1	2	2	1	0	0	0	1	1	2	2	2	2
0	0	0	0	0	0	1	2	2	2	1	0	0	0	0	0	1	1	1	1
0	0	0	0	0	0	1	2	2	1	0	0	0	0	0	0	0	0	0	0
0	0	0	0	0	0	0	1	1	0	0	0	0	0	0	0	0	0	0	0
0.447732
0.254845
0	0	0	0	0	0	0	0	0	0	0	1	2	2	2	2	2	2	2	2
0	0	0	0	0	0	0	0	0	0	0	1	2	2	2	2	2	2	2	2
0	0	0	0	0	0	0	0	0	0	0	0	1	1	2	2	2	2	2	1
0	0	0	0	0	0	0	0	0	0	0	0	0	1	2	2	2	2	2	2
0	0	0	0	0	0	0	0	0	0	0	0	0	1	2	2	2	1	2	2
0	0	0	0	0	0	0	0	0	0	0	0	0	0	1	1	1	0	1	1
0.448453
0.413352
0	0	0	1	2	2	2	2	2	2	2	2	1	0	0	0	0	0	0	0
0	0	0	1	2	2	2	1	1	1	1	1	0	0	0	0	0	0	0	0
0	0	0	0	1	1	1	0	0	0	0	0	0	0	0	0	0	0	0	0
0	0	0	0	0	0	0	0	0	0	0	0	0	0	0	0	0	0	0	0
0	0	0	0	0	0	0	0	0	0	0	0	0	0	0	0	0	0	0	0
0	0	0	0	0	0	0	0	0	0	0	0	0	0	0	0	0	0	0	0
0.585941
0.506803
0	0	1	2	2	2	2	2	1	0	0	0	0	0	0	0	0	0	0	0
0	1	2	2	2	2	2	2	2	1	0	0	0	0	0	0	0	0	0	0
0	1	2	2	2	2	2	2	2	1	0	0	0	0	0	0	0	0	0	0
0	1	2	2	2	2	2	2	2	2	1	0	0	0	0	0	0	0	0	0
0	0	1	1	1	1	2	2	2	2	1	0	0	0	0	0	0	0	0	0
0	0	0	0	0	0	1	1	1	1	0	0	0	0	0	0	0	0	0	0
0.548666
0.492654
0	0	0	0	0	1	2	2	2	2	1	0	0	0	0	0	0	0	0	0
0	0	0	0	0	1	2	1	1	1	0	0	0	0	0	0	0	0	0	0
0	0	0	0	0	1	2	1	0	0	0	0	0	0	0	0	0	0	0	0
0	0	0	0	1	2	2	1	0	0	0	0	0	0	0	0	0	0	0	0
0	0	0	0	0	1	1	0	0	0	0	0	0	0	0	0	0	0	0	0
0	0	0	0	0	0	0	0	0	0	0	0	0	0	0	0	0	0	0	0
0.590806
0.535161
0	0	0	0	0	0	0	0	0	1	2	1	1	0	0	0	0	0	0	0
0	0	0	0	0	0	0	0	0	1	2	2	2	1	0	0	0	0	0	0
0	0	0	0	0	0	0	0	0	0	1	1	2	2	1	0	0	0	0	0
0	0	0	0	0	0	0	0	0	0	0	0	1	1	0	0	0	0	0	0
0	0	0	0	0	0	0	0	0	0	0	0	0	0	0	0	0	0	0	0
0	0	0	0	0	0	0	0	0	0	0	0	0	0	0	0	0	0	0	0
0.584524
0.515239
1	2	2	1	1	0	0	0	0	0	0	0	0	0	0	0	0	0	0	0
1	2	2	2	2	1	0	0	0	0	0	0	0	0	0	0	0	0	0	0
1	2	2	2	2	2	1	0	0	0	0	0	0	0	0	0	0	0	0	0
2	2	2	2	2	2	1	0	0	0	0	0	0	0	0	0	0	0	0	0
2	2	2	1	2	1	0	0	0	0	0	0	0	0	0	0	0	0	0	0
1	1	1	0	1	0	0	0	0	0	0	0	0	0	0	0	0	0	0	0
0.50787
0.462716
0	0	0	0	1	2	2	2	2	1	1	0	0	0	0	0	0	0	0	0
0	0	0	1	2	2	2	2	2	2	2	1	0	0	0	0	0	0	0	0
0	0	0	1	2	2	2	1	1	1	1	0	0	0	0	0	0	0	0	0
0	0	0	0	1	1	1	0	0	0	0	0	0	0	0	0	0	0	0	0
0	0	0	0	0	0	0	0	0	0	0	0	0	0	0	0	0	0	0	0
0	0	0	0	0	0	0	0	0	0	0	0	0	0	0	0	0	0	0	0
0.453282
0.250542
0	0	0	0	0	1	2	2	2	2	2	2	1	0	0	0	0	0	1	1
0	0	0	0	0	0	1	1	1	1	1	2	2	1	0	0	0	1	2	2
0	0	0	0	0	0	0	0	0	0	0	1	2	2	1	1	1	2	2	2
0	0	0	0	0	0	0	0	0	0	0	0	1	2	2	2	2	2	2	2
0	0	0	0	0	0	0	0	0	0	0	0	0	1	1	1	2	2	2	1
0	0	0	0	0	0	0	0	0	0	0	0	0	0	0	0	1	1	1	0
0.340102
0.204936
0	0	0	0	0	0	0	0	1	2	2	2	2	2	2	2	2	2	2	2
0	0	0	0	0	0	0	0	0	1	1	1	1	1	1	2	2	2	2	2
0	0	0	0	0	0	0	0	0	0	0	0	0	0	0	1	1	1	1	1
0	0	0	0	0	0	0	0	0	0	0	0	0	0	0	0	0	0	0	0
0	0	0	0	0	0	0	0	0	0	0	0	0	0	0	0	0	0	0	0
0	0	0	0	0	0	0	0	0	0	0	0	0	0	0	0	0	0	0	0
0.477297
0.359214
0	0	1	1	2	2	2	2	2	2	2	1	0	0	0	0	0	0	0	0
0	1	2	2	2	2	2	2	2	2	2	1	0	0	0	0	0	0	0	0
0	1	2	1	1	1	2	2	2	2	2	1	0	0	0	0	0	0	0	0
0	0	1	0	0	1	2	2	2	2	2	1	0	0	0	0	0	0	0	0
0	0	0	0	0	0	1	2	2	2	2	1	0	0	0	0	0	0	0	0
0	0	0	0	0	0	0	1	1	1	1	0	0	0	0	0	0	0	0	0
0.583193
0.481168
0	0	0	1	2	2	2	2	2	1	0	0	0	0	1	2	2	2	2	2
0	0	0	0	1	1	2	2	2	1	1	1	1	1	1	2	2	2	2	2
0	0	0	0	0	1	2	2	2	2	2	2	2	2	2	2	2	2	2	2
0	0	0	0	0	0	1	1	1	1	2	2	2	2	2	2	2	2	2	2
0	0	0	0	0	0	0	0	0	1	2	2	1	1	2	2	2	2	2	1
0	0	0	0	0	0	0	0	0	0	1	1	0	0	1	1	1	1	1	0
0.367227
0.320331
0	1	1	1	2	2	1	0	1	1	0	0	0	0	0	1	1	0	0	0
1	2	2	2	2	2	1	1	2	2	1	1	1	1	1	2	2	1	0	0
1	2	2	2	2	2	2	2	2	2	2	2	2	2	2	2	2	1	0	0
0	1	1	1	1	2	2	1	1	1	1	1	1	1	1	1	1	0	0	0
0	0	0	0	0	1	1	0	0	0	0	0	0	0	0	0	0	0	0	0
0	0	0	0	0	0	0	0	0	0	0	0	0	0	0	0	0	0	0	0
0.277456
0.228102
0	1	2	2	2	2	1	0	0	0	0	0	0	0	0	0	0	0	0	0
1	1	2	1	1	1	0	0	0	0	0	0	0	0	0	0	0	0	0	0
2	2	2	1	0	0	0	0	0	0	0	0	0	0	0	0	0	0	0	0
1	1	1	0	0	0	0	0	0	0	0	0	0	0	0	0	0	0	0	0
0	0	0	0	0	0	0	0	0	0	0	0	0	0	0	0	0	0	0	0
0	0	0	0	0	0	0	0	0	0	0	0	0	0	0	0	0	0	0	0
0.604324
0.490341
1	2	2	1	0	0	0	0	0	0	0	0	1	1	1	1	2	2	1	0
2	2	2	2	1	0	0	0	0	0	0	1	2	2	2	2	2	1	0	0
2	2	2	1	0	0	1	1	1	1	1	1	2	2	2	1	1	0	0	0
2	2	2	1	1	1	2	2	2	2	2	2	2	1	1	0	0	0	0	0
2	2	2	2	2	2	2	1	1	1	1	1	1	0	0	0	0	0	0	0
1	1	1	1	1	1	1	0	0	0	0	0	0	0	0	0	0	0	0	0
0.403112
0.300429
0	0	0	0	0	0	0	0	0	0	0	1	1	2	2	2	2	2	2	2
0	0	0	0	0	0	0	0	0	0	1	2	2	2	2	2	2	2	2	2
0	0	0	0	0	0	0	0	0	0	1	2	2	2	1	1	1	1	1	1
0	0	0	0	0	0	0	0	0	0	0	1	1	1	0	0	0	0	0	0
0	0	0	0	0	0	0	0	0	0	0	0	0	0	0	0	0	0	0	0
0	0	0	0	0	0	0	0	0	0	0	0	0	0	0	0	0	0	0	0
0.297474
0.169011
0	0	1	1	1	1	1	1	2	2	2	2	2	2	2	1	0	0	0	0
0	1	2	2	2	2	2	2	2	2	2	2	2	2	2	2	1	0	0	0
0	0	1	1	1	1	1	1	1	2	2	2	2	2	2	2	1	0	0	0
0	0	0	0	0	0	0	0	0	1	1	1	1	1	2	2	1	0	0	0
0	0	0	0	0	0	0	0	0	0	0	0	0	0	1	1	0	0	0	0
0	0	0	0	0	0	0	0	0	0	0	0	0	0	0	0	0	0	0	0
0.394256
0.0530725
0	0	0	0	0	1	2	2	2	2	2	2	2	2	2	2	1	1	0	0
0	0	0	0	0	1	2	2	2	2	2	2	2	2	2	2	2	2	1	0
0	0	0	0	1	2	2	2	2	2	2	2	2	2	2	2	2	1	0	0
0	0	0	0	1	2	2	2	2	2	2	2	2	2	2	2	1	0	0	0
0	0	0	0	0	1	1	1	1	1	1	1	1	1	1	1	0	0	0	0
0	0	0	0	0	0	0	0	0	0	0	0	0	0	0	0	0	0	0	0
0.501281
0.28285
0	0	0	0	0	0	1	2	2	1	2	2	2	1	2	2	1	0	0	0
0	0	0	0	0	0	1	2	2	2	2	2	2	2	2	2	1	0	0	0
0	0	0	0	0	0	0	1	2	2	2	1	1	2	2	2	1	0	0	0
0	0	0	0	0	0	0	0	1	1	1	0	0	1	1	1	0	0	0	0
0	0	0	0	0	0	0	0	0	0	0	0	0	0	0	0	0	0	0	0
0	0	0	0	0	0	0	0	0	0	0	0	0	0	0	0	0	0	0	0
0.39905
0.204216
1	1	2	2	2	1	2	2	1	0	0	0	0	0	0	0	0	0	0	0
2	2	2	2	2	2	2	2	2	1	0	0	0	0	0	0	0	0	0	0
2	2	2	2	2	2	2	1	2	2	1	0	0	0	0	0	0	0	0	0
2	2	2	2	1	1	1	0	1	1	0	0	0	0	0	0	0	0	0	0
2	2	2	2	1	0	0	0	0	0	0	0	0	0	0	0	0	0	0	0
1	1	1	1	0	0	0	0	0	0	0	0	0	0	0	0	0	0	0	0
0.594981
0.421082
0	0	1	2	2	2	2	2	1	0	0	0	0	0	0	0	0	0	0	0
0	0	1	2	2	2	1	1	0	0	0	0	0	0	0	0	0	0	0	0
0	0	0	1	2	2	1	0	0	0	0	0	0	0	0	0	0	0	0	0
0	0	1	2	2	1	0	0	0	0	0	0	0	0	0	0	0	0	0	0
0	0	0	1	1	0	0	0	0	0	0	0	0	0	0	0	0	0	0	0
0	0	0	0	0	0	0	0	0	0	0	0	0	0	0	0	0	0	0	0
0.502547
0.415344
2	2	2	2	2	2	2	1	0	0	0	0	0	0	0	0	0	0	0	0
2	2	2	2	2	2	1	0	0	0	0	0	0	0	0	0	0	0	0	0
2	2	2	2	2	2	1	0	0	0	0	0	0	0	0	0	0	0	0	0
2	2	2	2	2	1	0	0	0	0	0	0	0	0	0	0	0	0	0	0
2	2	2	2	2	1	0	0	0	0	0	0	0	0	0	0	0	0	0	0
1	1	1	1	1	0	0	0	0	0	0	0	0	0	0	0	0	0	0	0
0.622866
0.526043
0	1	2	2	2	2	2	2	2	2	2	1	0	0	0	0	0	0	0	0
0	0	1	1	1	1	2	2	2	2	2	1	0	0	0	0	0	0	0	0
0	0	0	0	0	1	2	2	1	1	1	0	0	0	0	0	0	0	0	0
0	0	0	0	0	1	2	2	1	0	0	0	0	0	0	0	0	0	0	0
0	0	0	0	0	0	1	1	0	0	0	0	0	0	0	0	0	0	0	0
0	0	0	0	0	0	0	0	0	0	0	0	0	0	0	0	0	0	0	0
0.575158
0.314102
0	0	0	0	0	1	1	0	0	0	0	1	2	2	2	2	2	2	2	2
1	1	1	1	1	2	2	1	1	1	1	1	2	2	2	2	1	1	2	2
2	2	2	2	2	2	2	2	2	2	2	2	2	1	1	1	0	0	1	1
2	2	2	2	2	2	2	2	1	1	1	2	2	1	0	0	0	0	0	0
1	1	1	1	1	1	1	2	1	0	0	1	1	0	0	0	0	0	0	0
0	0	0	0	0	0	0	1	0	0	0	0	0	0	0	0	0	0	0	0
0.39558
0.208527
0	0	0	0	0	0	0	0	0	0	0	1	2	2	2	2	1	1	1	1
0	0	0	0	0	0	0	0	0	0	0	1	2	2	2	2	2	2	2	2
0	0	0	0	0	0	0	0	0	0	0	1	2	2	2	2	2	2	2	2
0	0	0	0	0	0	0	0	0	0	0	1	2	2	2	2	2	1	1	1
0	0	0	0	0	0	0	0	0	0	0	1	2	2	2	2	2	1	0	0
0	0	0	0	0	0	0	0	0	0	0	0	1	1	1	1	1	0	0	0
0.447675
0.426541
0	0	0	0	0	0	0	0	1	2	2	2	2	2	2	2	2	2	2	1
0	0	0	0	0	0	0	0	1	2	1	1	1	1	1	1	1	1	1	0
0	0	0	0	0	0	0	0	0	1	0	0	0	0	0	0	0	0	0	0
0	0	0	0	0	0	0	0	0	0	0	0	0	0	0	0	0	0	0	0
0	0	0	0	0	0	0	0	0	0	0	0	0	0	0	0	0	0	0	0
0	0	0	0	0	0	0	0	0	0	0	0	0	0	0	0	0	0	0	0
0.351144
0.242491
0	0	1	2	2	2	2	2	2	2	2	2	2	2	1	0	0	0	0	0
0	0	0	1	1	1	2	2	2	2	2	2	2	2	2	1	0	0	0	0
0	0	0	0	0	0	1	1	1	1	1	1	1	1	1	0	0	0	0	0
0	0	0	0	0	0	0	0	0	0	0	0	0	0	0	0	0	0	0	0
0	0	0	0	0	0	0	0	0	0	0	0	0	0	0	0	0	0	0	0
0	0	0	0	0	0	0	0	0	0	0	0	0	0	0	0	0	0	0	0
0.430325
0.0510942
0	0	0	0	0	0	0	0	0	0	0	0	1	2	2	2	2	2	2	2
0	0	0	0	0	0	0	0	0	0	0	0	1	2	2	2	2	2	2	2
0	0	0	0	0	0	0	0	0	0	0	0	0	1	2	2	2	2	2	1
0	0	0	0	0	0	0	0	0	0	0	0	0	0	1	1	1	2	2	2
0	0	0	0	0	0	0	0	0	0	0	0	0	0	0	0	0	1	1	2
0	0	0	0	0	0	0	0	0	0	0	0	0	0	0	0	0	0	0	1
0.443177
0.325533
0	0	0	0	0	0	0	0	0	0	0	0	0	0	0	0	1	2	2	2
0	0	0	0	0	0	0	0	0	0	0	0	0	1	1	1	1	2	2	2
0	0	0	0	0	0	0	0	0	0	0	0	1	2	2	2	2	2	2	2
0	0	0	0	0	0	0	0	0	0	0	0	1	2	2	2	2	2	2	2
0	0	0	0	0	0	0	0	0	0	0	0	0	1	2	2	2	2	2	2
0	0	0	0	0	0	0	0	0	0	0	0	0	0	1	1	1	1	1	1
0.505105
0.403811
0	0	0	0	0	0	0	0	1	2	2	2	2	2	2	2	2	2	2	2
0	0	0	0	0	0	0	0	0	1	1	1	2	2	2	2	2	2	2	2
0	0	0	0	0	0	0	0	0	0	0	1	2	2	2	2	2	2	2	2
0	0	0	0	0	0	0	0	0	0	0	0	1	1	1	1	1	1	2	2
0	0	0	0	0	0	0	0	0	0	0	0	0	0	0	0	0	0	1	1
0	0	0	0	0	0	0	0	0	0	0	0	0	0	0	0	0	0	0	0
0.545898
0.378169
0	0	1	2	2	2	2	1	0	0	0	0	0	0	0	0	0	0	0	0
0	1	1	2	2	1	1	0	0	0	0	0	0	0	0	0	0	0	0	0
1	2	2	2	2	1	0	0	0	0	0	0	0	0	0	0	0	0	0	0
0	1	1	1	1	0	0	0	0	0	0	0	0	0	0	0	0	0	0	0
0	0	0	0	0	0	0	0	0	0	0	0	0	0	0	0	0	0	0	0
0	0	0	0	0	0	0	0	0	0	0	0	0	0	0	0	0	0	0	0
0.405153
0.300327
0	0	0	0	0	0	0	0	0	0	0	0	0	1	2	2	2	2	2	2
0	0	0	0	0	0	0	0	0	0	0	0	0	1	2	2	2	2	2	2
0	0	0	0	0	0	0	0	0	0	0	0	0	0	1	1	1	1	1	2
0	0	0	0	0	0	0	0	0	0	0	0	0	0	0	0	0	0	1	2
0	0	0	0	0	0	0	0	0	0	0	0	0	0	0	0	0	0	0	1
0	0	0	0	0	0	0	0	0	0	0	0	0	0	0	0	0	0	0	0
0.599974
0.494262
0	0	0	1	1	2	2	2	2	2	2	2	2	2	2	1	1	1	1	0
0	0	1	2	2	2	2	2	2	2	2	2	2	2	2	2	2	2	2	1
0	0	1	2	2	2	2	2	2	1	1	1	2	2	2	2	2	1	2	1
0	0	0	1	1	2	2	1	1	0	0	1	2	2	2	2	1	0	1	0
0	0	0	0	0	1	1	0	0	0	0	0	1	2	2	1	0	0	0	0
0	0	0	0	0	0	0	0	0	0	0	0	0	1	1	0	0	0	0	0
0.220988
0.102001
1	2	2	2	2	1	0	0	0	0	0	0	0	0	0	0	0	0	1	0
0	1	1	1	2	1	0	0	0	0	0	0	0	0	0	0	0	1	2	1
0	0	0	1	2	1	0	0	0	1	1	1	1	1	1	1	1	1	2	1
0	0	0	1	2	2	1	1	1	2	2	2	2	2	2	2	2	2	2	2
0	0	0	0	1	2	2	2	2	2	2	2	2	2	2	2	2	2	2	2
0	0	0	0	0	1	1	1	1	1	1	1	1	1	1	1	1	1	1	1
0.287637
0.0857489
0	0	0	0	0	0	0	0	0	0	0	0	0	1	1	1	2	2	2	2
0	0	0	0	0	0	0	0	0	0	0	0	1	2	2	2	2	2	2	2
0	0	0	0	0	0	0	0	0	0	0	0	1	2	2	2	2	2	2	2
0	0	0	0	0	0	0	0	0	0	0	1	2	2	2	2	2	2	2	2
0	0	0	0	0	0	0	0	0	0	0	1	2	2	2	2	2	1	1	1
0	0	0	0	0	0	0	0	0	0	0	0	1	1	1	1	1	0	0	0
0.459234
0.414587
0	1	2	2	1	1	1	1	1	1	1	1	1	1	0	0	1	2	2	1
1	2	2	2	2	2	2	2	2	2	2	2	2	2	1	0	1	2	2	2
2	2	2	2	1	1	1	2	2	1	1	2	2	2	1	0	0	1	2	2
2	2	2	1	0	0	0	1	1	0	1	2	2	2	1	1	1	2	2	2
1	1	1	0	0	0	0	0	0	0	0	1	2	2	2	2	2	2	1	1
0	0	0	0	0	0	0	0	0	0	0	0	1	1	1	1	1	1	0	0
0.484626
0.269719
0	0	0	0	0	0	0	0	0	1	2	2	2	2	2	2	2	2	2	1
0	0	0	0	0	0	0	0	0	1	2	2	2	2	2	2	2	2	2	2
0	0	0	0	0	0	0	0	0	0	1	1	1	2	2	2	2	2	2	2
0	0	0	0	0	0	0	0	0	0	0	0	1	2	2	2	2	2	2	2
0	0	0	0	0	0	0	0	0	0	0	1	2	2	2	2	2	2	2	2
0	0	0	0	0	0	0	0	0	0	0	0	1	1	1	1	1	1	1	1
0.502045
0.444953
2	2	1	0	0	0	1	2	2	1	1	1	0	0	0	0	0	0	0	0
2	2	2	1	0	0	1	2	2	2	2	2	1	0	0	0	0	0	0	0
2	2	2	1	0	1	2	2	1	1	1	1	0	0	0	0	0	0	0	0
2	2	2	1	1	1	2	2	1	0	0	0	0	0	0	0	0	0	0	0
2	2	2	2	2	2	2	2	1	0	0	0	0	0	0	0	0	0	0	0
1	1	1	1	1	1	1	1	0	0	0	0	0	0	0	0	0	0	0	0
0.422634
0.369506
0	0	0	0	0	1	2	2	2	2	2	2	2	2	2	2	2	2	2	1
0	0	0	0	0	1	2	2	2	2	2	2	2	2	1	1	1	1	1	0
0	0	0	0	0	0	1	1	1	1	1	1	1	1	0	0	0	0	0	0
0	0	0	0	0	0	0	0	0	0	0	0	0	0	0	0	0	0	0	0
0	0	0	0	0	0	0	0	0	0	0	0	0	0	0	0	0	0	0	0
0	0	0	0	0	0	0	0	0	0	0	0	0	0	0	0	0	0	0	0
0.509155
0.124646
0	0	0	0	0	0	0	0	1	1	1	1	2	2	1	2	1	0	0	0
0	0	0	0	0	0	0	1	2	2	2	2	2	2	2	2	1	0	0	0
0	0	0	0	0	0	0	0	1	2	2	1	1	1	1	1	0	0	0	0
0	0	0	0	0	0	0	0	0	1	1	0	0	0	0	0	0	0	0	0
0	0	0	0	0	0	0	0	0	0	0	0	0	0	0	0	0	0	0	0
0	0	0	0	0	0	0	0	0	0	0	0	0	0	0	0	0	0	0	0
0.427885
0.234
0	0	0	0	0	0	0	0	0	0	0	0	0	1	2	2	2	2	2	2
0	0	0	0	0	0	0	0	0	0	0	0	1	2	2	2	2	2	2	2
0	0	0	0	0	0	0	0	0	0	0	1	1	2	2	2	2	2	2	2
0	0	0	0	0	0	0	0	0	1	1	2	2	2	2	2	2	2	1	1
0	0	0	0	0	0	0	0	1	2	2	2	1	1	1	1	1	1	0	0
0	0	0	0	0	0	0	0	0	1	1	1	0	0	0	0	0	0	0	0
0.380185
0.295748
2	2	2	2	2	1	2	2	2	2	2	2	1	0	0	0	0	0	0	0
2	2	2	2	2	2	2	1	1	1	1	1	0	0	0	0	0	0	0	0
1	1	2	2	2	2	1	0	0	0	0	0	0	0	0	0	0	0	0	0
0	0	1	1	1	1	0	0	0	0	0	0	0	0	0	0	0	0	0	0
0	0	0	0	0	0	0	0	0	0	0	0	0	0	0	0	0	0	0	0
0	0	0	0	0	0	0	0	0	0	0	0	0	0	0	0	0	0	0	0
0.53211
0.361891
0	0	0	0	0	0	0	0	0	1	2	2	2	2	2	2	2	2	2	2
0	0	0	0	0	0	0	0	0	0	1	1	1	1	2	2	2	2	2	2
0	0	0	0	0	0	0	0	0	0	0	0	0	0	1	1	2	2	2	2
0	0	0	0	0	0	0	0	0	0	0	0	0	0	0	0	1	1	1	1
0	0	0	0	0	0	0	0	0	0	0	0	0	0	0	0	0	0	0	0
0	0	0	0	0	0	0	0	0	0	0	0	0	0	0	0	0	0	0	0
0.522208
0.298906
0	0	0	0	0	0	0	1	2	2	2	2	2	1	0	0	0	0	0	0
0	0	0	0	0	0	0	0	1	1	1	1	2	1	0	0	0	0	0	0
0	0	0	0	0	0	0	0	0	0	0	0	1	0	0	0	0	0	0	0
0	0	0	0	0	0	0	0	0	0	0	0	0	0	0	0	0	0	0	0
0	0	0	0	0	0	0	0	0	0	0	0	0	0	0	0	0	0	0	0
0	0	0	0	0	0	0	0	0	0	0	0	0	0	0	0	0	0	0	0
0.613078
0.567325
0	1	2	1	0	0	1	2	2	2	2	2	2	2	1	2	2	1	0	0
0	1	2	2	1	0	1	2	2	2	2	2	2	2	2	2	2	1	0	0
0	1	2	2	1	1	2	2	2	2	2	2	1	1	1	1	1	0	0	0
0	1	2	2	2	2	2	2	2	1	1	1	0	0	0	0	0	0	0	0
0	0	1	1	2	2	2	2	2	1	0	0	0	0	0	0	0	0	0	0
0	0	0	0	1	1	1	1	1	0	0	0	0	0	0	0	0	0	0	0
0.328115
0.266415
0	0	0	0	0	0	0	0	0	0	1	1	2	2	2	2	2	1	0	0
0	0	0	0	0	0	0	0	0	1	2	2	2	2	2	2	2	2	1	0
0	0	0	0	0	0	0	0	0	1	2	2	2	2	2	2	2	2	1	0
0	0	0	0	0	0	0	0	0	1	2	2	2	2	2	2	2	2	1	0
0	0	0	0	0	0	0	0	1	2	2	2	2	2	2	2	1	1	0	0
0	0	0	0	0	0	0	0	0	1	1	1	1	1	1	1	0	0	0	0
0.411906
0.375972
0	0	0	1	2	2	2	2	1	2	2	1	0	0	0	0	0	0	0	0
0	0	0	0	1	1	1	2	2	2	1	0	0	0	0	0	0	0	0	0
0	0	0	0	0	0	0	1	1	1	0	0	0	0	0	0	0	0	0	0
0	0	0	0	0	0	0	0	0	0	0	0	0	0	0	0	0	0	0	0
0	0	0	0	0	0	0	0	0	0	0	0	0	0	0	0	0	0	0	0
0	0	0	0	0	0	0	0	0	0	0	0	0	0	0	0	0	0	0	0
0.421251
0.260922
0	0	0	1	2	1	0	0	1	1	1	1	0	0	0	0	0	0	0	0
0	0	0	1	2	1	1	1	2	2	2	2	1	0	0	0	0	0	0	0
0	0	0	1	2	2	2	2	2	2	2	2	1	0	0	0	0	0	0	0
0	0	0	0	1	1	1	2	2	2	2	1	0	0	0	0	0	0	0	0
0	0	0	0	0	0	0	1	1	1	1	0	0	0	0	0	0	0	0	0
0	0	0	0	0	0	0	0	0	0	0	0	0	0	0	0	0	0	0	0
0.530915
0.350985
0	0	0	0	0	0	0	0	0	1	2	2	2	1	1	0	0	0	0	0
0	0	0	0	0	0	0	0	0	1	2	2	2	2	2	1	0	0	0	0
0	0	0	0	0	0	0	0	0	0	1	2	2	2	2	2	1	0	0	0
0	0	0	0	0	0	0	0	0	0	1	2	2	2	2	2	1	0	0	0
0	0	0	0	0	0	0	0	0	1	2	2	2	1	1	1	0	0	0	0
0	0	0	0	0	0	0	0	0	0	1	1	1	0	0	0	0	0	0	0
0.600146
0.530219
0	0	1	2	1	0	0	1	2	2	2	1	0	0	0	0	0	0	0	0
1	1	2	2	1	0	1	2	2	2	2	1	0	0	0	0	0	0	0	0
2	2	2	1	0	1	2	2	1	2	2	2	1	1	0	1	1	0	0	0
2	2	2	1	1	1	2	1	0	1	1	2	2	2	1	2	2	1	0	0
1	1	2	2	2	2	2	1	0	0	0	1	1	2	2	2	2	2	1	0
0	0	1	1	1	1	1	0	0	0	0	0	0	1	1	1	1	1	0	0
0.334
0.266892
0	0	0	0	0	0	0	0	0	0	0	1	2	2	1	1	2	2	2	2
0	0	0	0	0	0	0	0	0	0	1	2	2	2	2	2	2	2	2	2
0	0	0	0	0	0	0	0	0	0	1	2	2	2	2	2	2	2	2	2
0	0	0	0	0	0	0	0	1	1	1	2	2	2	2	2	2	2	2	2
0	0	0	0	0	0	0	1	2	2	2	2	2	2	2	2	2	1	1	1
0	0	0	0	0	0	0	0	1	1	1	1	1	1	1	1	1	0	0	0
0.375594
0.293552
0	0	0	0	1	2	2	2	2	1	0	0	0	0	0	0	0	0	0	0
0	0	0	0	0	1	1	2	2	1	0	0	0	0	0	0	0	0	0	0
0	0	0	0	0	0	1	2	2	2	1	1	1	1	0	0	0	0	0	0
0	0	0	0	0	0	1	2	2	2	2	2	2	2	1	0	0	0	0	0
0	0	0	0	0	0	0	1	2	2	2	2	2	2	1	0	0	0	0	0
0	0	0	0	0	0	0	0	1	1	1	1	1	1	0	0	0	0	0	0
0.355848
0.322191
2	2	1	0	0	0	0	0	0	0	0	0	0	0	0	0	0	0	0	0
2	1	0	1	1	0	0	0	0	0	0	0	0	0	0	0	0	0	0	0
2	1	1	2	2	1	1	1	1	0	0	0	0	0	0	0	0	0	0	0
2	2	2	2	2	2	2	2	2	1	1	1	1	0	0	0	0	0	0	0
1	1	2	2	2	2	2	2	2	2	2	2	2	1	0	0	0	0	0	0
0	0	1	1	1	1	1	1	1	1	1	1	1	0	0	0	0	0	0	0
0.432393
0.166069
0	0	0	0	1	2	2	2	2	2	2	2	2	2	2	2	2	2	2	2
0	0	0	0	1	2	2	2	2	2	2	2	1	1	1	1	1	1	2	2
0	0	0	0	0	1	2	2	2	2	1	1	0	0	0	0	0	0	1	1
0	0	0	0	1	2	2	1	1	1	0	0	0	0	0	0	0	0	0	0
0	0	0	0	1	2	2	1	0	0	0	0	0	0	0	0	0	0	0	0
0	0	0	0	0	1	1	0	0	0	0	0	0	0	0	0	0	0	0	0
0.324246
0.0643837
0	0	0	0	0	1	2	2	2	2	2	2	2	2	2	2	2	2	2	2
0	0	0	0	0	1	2	2	2	2	2	2	1	1	1	1	1	1	2	2
0	0	0	0	0	0	1	1	1	1	1	1	0	0	0	0	0	0	1	1
0	0	0	0	0	0	0	0	0	0	0	0	0	0	0	0	0	0	0	0
0	0	0	0	0	0	0	0	0	0	0	0	0	0	0	0	0	0	0	0
0	0	0	0	0	0	0	0	0	0	0	0	0	0	0	0	0	0	0	0
0.411438
0.100867
2	2	2	2	2	2	2	2	1	0	0	0	0	0	0	0	0	0	0	0
2	2	2	1	1	1	1	1	0	0	0	0	0	0	0	0	0	0	0	0
2	2	2	1	0	0	0	0	0	0	0	0	0	0	0	0	0	0	0	0
1	1	1	0	0	0	0	0	0	0	0	0	0	0	0	0	0	0	0	0
0	0	0	0	0	0	0	0	0	0	0	0	0	0	0	0	0	0	0	0
0	0	0	0	0	0	0	0	0	0	0	0	0	0	0	0	0	0	0	0
0.571082
0.374729
0	1	1	1	1	0	0	0	0	0	1	2	1	2	2	2	2	2	2	2
1	2	2	2	2	1	0	0	0	0	1	2	2	2	2	2	2	2	2	2
0	1	1	1	2	2	1	1	1	1	2	2	2	2	2	1	1	2	2	2
0	0	0	0	1	2	2	2	2	2	2	1	1	1	1	0	1	2	2	2
0	0	0	0	0	1	1	1	1	1	1	0	0	0	0	0	0	1	1	1
0	0	0	0	0	0	0	0	0	0	0	0	0	0	0	0	0	0	0	0
0.294192
0.0831989
0	0	0	0	0	0	0	1	1	2	2	2	2	2	2	1	0	0	0	0
0	0	0	0	0	0	1	2	2	2	2	2	2	2	1	0	0	0	0	0
0	0	0	0	0	0	1	2	2	2	2	1	1	1	0	0	0	0	0	0
0	0	0	0	0	0	0	1	1	1	1	0	0	0	0	0	0	0	0	0
0	0	0	0	0	0	0	0	0	0	0	0	0	0	0	0	0	0	0	0
0	0	0	0	0	0	0	0	0	0	0	0	0	0	0	0	0	0	0	0
0.418493
0.194862
0	0	0	0	0	0	0	0	0	0	0	0	0	1	2	2	2	2	2	2
0	0	0	0	0	0	0	0	0	0	0	0	0	0	1	1	1	1	1	2
0	0	0	0	0	0	0	0	0	0	0	0	0	0	0	0	0	0	1	2
0	0	0	0	0	0	0	0	0	0	0	0	0	0	0	0	0	1	2	2
0	0	0	0	0	0	0	0	0	0	0	0	0	0	0	0	0	0	1	1
0	0	0	0	0	0	0	0	0	0	0	0	0	0	0	0	0	0	0	0
0.611641
0.528742
1	2	2	2	2	2	2	2	2	1	1	0	0	0	0	0	0	0	0	0
0	1	1	2	2	2	2	2	2	2	2	1	0	0	0	0	0	0	0	0
0	0	0	1	1	1	1	2	2	2	2	1	0	0	0	0	0	0	0	0
0	0	0	0	0	0	0	1	1	1	1	0	0	0	0	0	0	0	0	0
0	0	0	0	0	0	0	0	0	0	0	0	0	0	0	0	0	0	0	0
0	0	0	0	0	0	0	0	0	0	0	0	0	0	0	0	0	0	0	0
0.432786
0.267968
0	0	0	0	0	0	0	0	0	0	1	2	1	2	2	2	1	0	0	0
0	0	0	0	0	0	0	0	0	0	1	2	2	2	2	2	1	1	0	0
0	0	0	0	0	0	0	0	0	0	0	1	1	1	1	2	2	2	1	0
0	0	0	0	0	0	0	0	0	0	0	0	0	0	0	1	1	1	0	0
0	0	0	0	0	0	0	0	0	0	0	0	0	0	0	0	0	0	0	0
0	0	0	0	0	0	0	0	0	0	0	0	0	0	0	0	0	0	0	0
0.354052
0.289376
0	0	0	0	0	1	2	2	1	2	2	2	1	0	0	0	0	0	0	0
0	0	0	0	1	2	2	2	2	2	1	1	0	0	0	0	0	0	0	0
0	0	0	0	1	2	2	2	2	1	0	0	0	0	0	0	0	0	0	0
0	0	0	1	2	2	2	2	2	1	0	0	0	0	0	0	0	0	0	0
0	0	0	1	2	2	2	2	2	1	0	0	0	0	0	0	0	0	0	0
0	0	0	0	1	1	1	1	1	0	0	0	0	0	0	0	0	0	0	0
0.506563
0.480638
2	2	2	2	2	2	2	2	2	2	2	2	2	2	2	2	2	2	2	2
2	2	2	1	2	2	1	1	1	2	2	2	2	2	2	2	2	2	2	2
2	2	1	0	1	1	0	0	0	1	1	1	1	1	1	1	2	2	2	2
2	2	1	0	0	0	0	0	0	0	0	0	0	0	0	0	1	1	1	1
1	1	0	0	0	0	0	0	0	0	0	0	0	0	0	0	0	0	0	0
0	0	0	0	0	0	0	0	0	0	0	0	0	0	0	0	0	0	0	0
0.399655
0.0842484
2	2	2	2	2	1	0	0	0	0	0	0	0	0	0	0	0	0	0	0
2	2	2	2	2	1	0	0	0	0	0	0	0	0	0	0	0	0	0	0
1	1	1	1	1	0	0	0	0	0	0	0	0	0	0	0	0	0	0	0
0	0	0	0	0	0	0	0	0	0	0	0	0	0	0	0	0	0	0	0
0	0	0	0	0	0	0	0	0	0	0	0	0	0	0	0	0	0	0	0
0	0	0	0	0	0	0	0	0	0	0	0	0	0	0	0	0	0	0	0
0.600094
0.514051
0	0	0	1	2	2	2	2	2	2	2	2	2	2	2	2	2	2	2	2
0	0	0	1	2	2	2	1	2	2	2	2	2	2	2	2	2	2	2	2
0	0	0	0	1	1	1	0	1	1	1	1	1	1	1	1	1	1	1	1
0	0	0	0	0	0	0	0	0	0	0	0	0	0	0	0	0	0	0	0
0	0	0	0	0	0	0	0	0	0	0	0	0	0	0	0	0	0	0	0
0	0	0	0	0	0	0	0	0	0	0	0	0	0	0	0	0	0	0	0
0.502227
0.127312
2	2	2	2	2	2	2	2	1	2	2	2	2	2	2	2	2	1	2	2
2	2	2	2	2	2	2	2	2	2	1	1	1	1	1	1	2	2	2	2
1	1	1	1	1	1	1	1	1	1	0	0	0	0	0	0	1	1	1	1
0	0	0	0	0	0	0	0	0	0	0	0	0	0	0	0	0	0	0	0
0	0	0	0	0	0	0	0	0	0	0	0	0	0	0	0	0	0	0	0
0	0	0	0	0	0	0	0	0	0	0	0	0	0	0	0	0	0	0	0
0.406504
0.20807
2	2	2	2	2	2	2	2	2	2	2	2	2	2	2	2	2	2	2	2
2	2	2	2	2	1	2	2	2	2	2	2	2	2	2	2	2	2	2	2
1	1	1	1	1	0	1	1	1	1	1	1	1	1	1	1	1	2	2	2
0	0	0	0	0	0	0	0	0	0	0	0	0	0	0	0	0	1	1	1
0	0	0	0	0	0	0	0	0	0	0	0	0	0	0	0	0	0	0	0
0	0	0	0	0	0	0	0	0	0	0	0	0	0	0	0	0	0	0	0
0.460754
0.0629113
2	2	2	2	2	2	2	2	2	2	2	2	2	2	2	2	2	2	2	2
2	2	2	2	2	2	2	2	2	2	2	2	2	2	2	2	2	2	2	2
2	1	1	1	1	1	1	1	1	1	1	1	1	1	1	2	2	2	2	2
1	0	0	0	0	0	0	0	0	0	0	0	0	0	0	1	1	1	1	1
0	0	0	0	0	0	0	0	0	0	0	0	0	0	0	0	0	0	0	0
0	0	0	0	0	0	0	0	0	0	0	0	0	0	0	0	0	0	0	0
0.462117
0.0757611
2	2	2	2	2	2	2	2	2	2	2	2	1	0	0	0	0	0	0	0
2	2	2	2	2	2	2	2	1	2	2	2	1	0	0	0	0	0	0	0
1	1	1	1	1	1	1	1	0	1	1	1	0	0	0	0	0	0	0	0
0	0	0	0	0	0	0	0	0	0	0	0	0	0	0	0	0	0	0	0
0	0	0	0	0	0	0	0	0	0	0	0	0	0	0	0	0	0	0	0
0	0	0	0	0	0	0	0	0	0	0	0	0	0	0	0	0	0	0	0
0.424683
0.187385
0	0	0	0	0	0	0	0	0	0	0	0	0	0	0	0	1	2	2	2
0	0	0	0	0	0	0	0	0	0	0	0	0	0	0	0	0	1	1	1
0	0	0	0	0	0	0	0	0	0	0	0	0	0	0	0	0	0	0	0
0	0	0	0	0	0	0	0	0	0	0	0	0	0	0	0	0	0	0	0
0	0	0	0	0	0	0	0	0	0	0	0	0	0	0	0	0	0	0	0
0	0	0	0	0	0	0	0	0	0	0	0	0	0	0	0	0	0	0	0
0.643302
0.636325
0	0	0	0	0	0	0	1	2	2	2	2	1	0	0	0	0	0	0	0
0	0	0	0	0	0	0	1	2	2	2	2	1	0	0	0	0	0	0	0
0	0	0	0	0	0	0	0	1	1	1	1	0	0	0	0	0	0	0	0
0	0	0	0	0	0	0	0	0	0	0	0	0	0	0	0	0	0	0	0
0	0	0	0	0	0	0	0	0	0	0	0	0	0	0	0	0	0	0	0
0	0	0	0	0	0	0	0	0	0	0	0	0	0	0	0	0	0	0	0
0.617938
0.514482
2	2	2	2	2	2	2	2	2	2	2	2	2	2	2	1	1	0	0	0
2	2	2	2	1	1	1	1	1	1	1	1	1	1	2	2	2	1	0	0
1	1	1	1	0	0	0	0	0	0	0	0	0	0	1	1	1	0	0	0
0	0	0	0	0	0	0	0	0	0	0	0	0	0	0	0	0	0	0	0
0	0	0	0	0	0	0	0	0	0	0	0	0	0	0	0	0	0	0	0
0	0	0	0	0	0	0	0	0	0	0	0	0	0	0	0	0	0	0	0
0.432256
0.263342
2	2	2	2	2	2	2	2	2	2	2	2	2	2	2	1	1	2	2	2
2	2	2	2	2	2	2	2	2	2	2	2	2	2	2	2	2	2	2	2
1	1	1	1	1	1	1	1	1	1	1	1	1	1	1	1	1	2	2	2
0	0	0	0	0	0	0	0	0	0	0	0	0	0	0	0	0	1	1	1
0	0	0	0	0	0	0	0	0	0	0	0	0	0	0	0	0	0	0	0
0	0	0	0	0	0	0	0	0	0	0	0	0	0	0	0	0	0	0	0
0.476942
0.0611741
2	2	2	2	2	1	0	0	0	0	0	0	0	0	0	0	0	0	0	0
1	1	1	1	1	0	0	0	0	0	0	0	0	0	0	0	0	0	0	0
0	0	0	0	0	0	0	0	0	0	0	0	0	0	0	0	0	0	0	0
0	0	0	0	0	0	0	0	0	0	0	0	0	0	0	0	0	0	0	0
0	0	0	0	0	0	0	0	0	0	0	0	0	0	0	0	0	0	0	0
0	0	0	0	0	0	0	0	0	0	0	0	0	0	0	0	0	0	0	0
0.634614
0.585732
2	2	2	1	1	2	2	2	2	2	2	2	1	1	1	1	2	2	2	2
2	2	2	2	2	2	2	2	2	2	2	2	2	2	2	2	2	2	2	2
1	1	1	1	1	1	1	1	1	1	1	1	1	1	1	1	1	1	1	1
0	0	0	0	0	0	0	0	0	0	0	0	0	0	0	0	0	0	0	0
0	0	0	0	0	0	0	0	0	0	0	0	0	0	0	0	0	0	0	0
0	0	0	0	0	0	0	0	0	0	0	0	0	0	0	0	0	0	0	0
0.261241
0.264456
2	2	2	2	2	2	2	2	2	2	1	0	0	0	0	0	0	0	0	0
2	2	2	2	2	2	2	1	1	2	2	1	0	0	0	0	0	0	0	0
1	1	1	1	1	1	1	0	0	1	1	0	0	0	0	0	0	0	0	0
0	0	0	0	0	0	0	0	0	0	0	0	0	0	0	0	0	0	0	0
0	0	0	0	0	0	0	0	0	0	0	0	0	0	0	0	0	0	0	0
0	0	0	0	0	0	0	0	0	0	0	0	0	0	0	0	0	0	0	0
0.424214
0.229596
0	0	0	0	0	1	2	2	2	2	2	2	1	1	2	2	2	2	2	2
0	0	0	0	0	1	2	2	2	2	2	2	2	2	2	2	2	2	2	2
0	0	0	0	0	0	1	1	1	1	1	1	1	1	1	1	1	1	1	1
0	0	0	0	0	0	0	0	0	0	0	0	0	0	0	0	0	0	0	0
0	0	0	0	0	0	0	0	0	0	0	0	0	0	0	0	0	0	0	0
0	0	0	0	0	0	0	0	0	0	0	0	0	0	0	0	0	0	0	0
0.416245
0.115037
0	1	1	1	2	2	1	1	1	1	1	2	2	2	2	2	2	2	2	2
1	2	2	2	2	2	2	2	2	2	2	2	2	2	2	2	2	2	2	2
0	1	1	1	1	1	1	1	1	1	1	1	1	1	1	1	1	1	1	1
0	0	0	0	0	0	0	0	0	0	0	0	0	0	0	0	0	0	0	0
0	0	0	0	0	0	0	0	0	0	0	0	0	0	0	0	0	0	0	0
0	0	0	0	0	0	0	0	0	0	0	0	0	0	0	0	0	0	0	0
0.313296
0.252578
2	2	2	2	2	2	2	2	1	2	2	2	2	2	2	2	2	2	2	2
2	2	2	2	2	1	1	2	2	2	2	2	2	2	2	2	2	2	2	2
1	1	1	1	1	0	0	1	1	1	1	1	1	1	1	1	1	1	1	1
0	0	0	0	0	0	0	0	0	0	0	0	0	0	0	0	0	0	0	0
0	0	0	0	0	0	0	0	0	0	0	0	0	0	0	0	0	0	0	0
0	0	0	0	0	0	0	0	0	0	0	0	0	0	0	0	0	0	0	0
0.357674
0.273182
2	2	2	2	2	2	2	2	2	2	2	2	2	1	1	1	1	1	2	2
2	2	2	2	2	2	1	1	2	2	2	2	2	2	2	2	2	2	2	2
1	1	1	1	1	1	0	0	1	1	1	1	1	1	1	1	1	1	1	1
0	0	0	0	0	0	0	0	0	0	0	0	0	0	0	0	0	0	0	0
0	0	0	0	0	0	0	0	0	0	0	0	0	0	0	0	0	0	0	0
0	0	0	0	0	0	0	0	0	0	0	0	0	0	0	0	0	0	0	0
0.330245
0.227637
0	1	2	2	2	2	2	2	2	2	2	2	2	2	2	2	2	2	2	2
0	1	2	2	1	1	1	1	1	2	2	1	1	2	2	2	1	1	2	2
0	0	1	1	0	0	0	0	0	1	1	0	0	1	1	1	0	0	1	1
0	0	0	0	0	0	0	0	0	0	0	0	0	0	0	0	0	0	0	0
0	0	0	0	0	0	0	0	0	0	0	0	0	0	0	0	0	0	0	0
0	0	0	0	0	0	0	0	0	0	0	0	0	0	0	0	0	0	0	0
0.32209
0.125898
2	2	2	2	2	2	2	2	2	2	2	2	2	2	2	2	2	2	2	2
2	2	2	2	2	2	2	2	2	2	2	2	2	2	2	2	2	2	2	2
1	1	1	1	1	1	2	1	1	1	1	1	1	1	1	1	1	1	2	2
0	0	0	0	0	0	1	0	0	0	0	0	0	0	0	0	0	0	1	1
0	0	0	0	0	0	0	0	0	0	0	0	0	0	0	0	0	0	0	0
0	0	0	0	0	0	0	0	0	0	0	0	0	0	0	0	0	0	0	0
0.390728
0.134798
2	2	2	2	2	2	2	2	2	2	2	2	2	2	2	2	2	1	0	0
2	2	2	2	2	2	2	2	2	2	2	2	2	2	2	1	1	0	0	0
1	1	1	1	1	1	1	1	1	1	1	1	1	1	1	0	0	0	0	0
0	0	0	0	0	0	0	0	0	0	0	0	0	0	0	0	0	0	0	0
0	0	0	0	0	0	0	0	0	0	0	0	0	0	0	0	0	0	0	0
0	0	0	0	0	0	0	0	0	0	0	0	0	0	0	0	0	0	0	0
0.452804
0.090753
2	2	2	2	1	1	1	1	2	2	2	2	2	2	2	2	2	2	2	2
2	2	2	2	2	2	2	2	2	2	2	2	2	2	2	2	2	2	2	2
1	1	2	1	1	1	1	1	1	1	2	2	2	2	2	2	2	2	2	2
0	0	1	0	0	0	0	0	0	0	1	1	1	1	1	1	1	1	1	1
0	0	0	0	0	0	0	0	0	0	0	0	0	0	0	0	0	0	0	0
0	0	0	0	0	0	0	0	0	0	0	0	0	0	0	0	0	0	0	0
0.396224
0.123724
2	2	1	2	2	2	2	2	2	2	1	1	1	1	2	2	2	2	2	1
2	2	2	2	2	2	2	2	2	2	2	2	2	2	2	2	2	2	1	0
1	1	1	1	1	1	1	1	1	1	1	1	1	1	1	1	1	1	0	0
0	0	0	0	0	0	0	0	0	0	0	0	0	0	0	0	0	0	0	0
0	0	0	0	0	0	0	0	0	0	0	0	0	0	0	0	0	0	0	0
0	0	0	0	0	0	0	0	0	0	0	0	0	0	0	0	0	0	0	0
0.374784
0.184367
2	2	2	2	2	2	2	2	2	2	1	1	1	1	1	2	2	1	0	0
2	2	2	2	2	2	2	2	2	2	2	2	2	2	2	2	2	1	0	0
1	1	1	1	1	1	1	1	1	1	1	1	1	1	1	1	1	0	0	0
0	0	0	0	0	0	0	0	0	0	0	0	0	0	0	0	0	0	0	0
0	0	0	0	0	0	0	0	0	0	0	0	0	0	0	0	0	0	0	0
0	0	0	0	0	0	0	0	0	0	0	0	0	0	0	0	0	0	0	0
0.256649
0.252328
2	2	2	1	2	2	2	2	2	2	2	2	1	0	0	0	0	0	0	0
2	2	2	2	2	2	2	2	2	2	2	2	1	0	0	0	0	0	0	0
1	1	1	1	1	1	1	1	1	1	1	1	0	0	0	0	0	0	0	0
0	0	0	0	0	0	0	0	0	0	0	0	0	0	0	0	0	0	0	0
0	0	0	0	0	0	0	0	0	0	0	0	0	0	0	0	0	0	0	0
0	0	0	0	0	0	0	0	0	0	0	0	0	0	0	0	0	0	0	0
0.512075
0.212629
0	0	0	0	0	0	0	0	0	1	2	2	2	2	1	2	2	2	1	1
0	0	0	0	0	0	0	0	0	1	2	2	2	2	2	2	1	2	2	2
0	0	0	0	0	0	0	0	0	0	1	1	1	1	1	1	0	1	1	1
0	0	0	0	0	0	0	0	0	0	0	0	0	0	0	0	0	0	0	0
0	0	0	0	0	0	0	0	0	0	0	0	0	0	0	0	0	0	0	0
0	0	0	0	0	0	0	0	0	0	0	0	0	0	0	0	0	0	0	0
0.449732
0.281997
0	0	0	0	0	0	1	2	2	2	2	1	1	1	1	1	2	2	2	2
0	0	0	0	0	0	0	1	1	1	2	2	2	2	2	2	2	1	1	1
0	0	0	0	0	0	0	0	0	0	1	1	1	1	1	1	1	0	0	0
0	0	0	0	0	0	0	0	0	0	0	0	0	0	0	0	0	0	0	0
0	0	0	0	0	0	0	0	0	0	0	0	0	0	0	0	0	0	0	0
0	0	0	0	0	0	0	0	0	0	0	0	0	0	0	0	0	0	0	0
0.338105
0.231749
0	0	0	1	2	1	1	1	2	2	1	0	0	0	0	0	0	0	0	0
0	0	0	1	2	2	2	2	2	2	1	0	0	0	0	0	0	0	0	0
0	0	0	0	1	1	1	1	1	1	0	0	0	0	0	0	0	0	0	0
0	0	0	0	0	0	0	0	0	0	0	0	0	0	0	0	0	0	0	0
0	0	0	0	0	0	0	0	0	0	0	0	0	0	0	0	0	0	0	0
0	0	0	0	0	0	0	0	0	0	0	0	0	0	0	0	0	0	0	0
0.562781
0.419297
2	2	2	2	2	2	2	2	2	2	2	2	2	2	2	2	2	2	2	2
2	2	2	2	2	2	2	2	2	2	2	2	2	2	2	2	2	2	2	2
1	1	1	1	1	1	1	1	1	1	1	2	1	1	2	2	2	2	2	2
0	0	0	0	0	0	0	0	0	0	0	1	0	0	1	1	1	1	1	1
0	0	0	0	0	0	0	0	0	0	0	0	0	0	0	0	0	0	0	0
0	0	0	0	0	0	0	0	0	0	0	0	0	0	0	0	0	0	0	0
0.474989
0.0690718
0	0	0	1	2	2	2	2	1	1	1	1	2	2	2	2	2	2	2	2
0	0	0	1	2	2	2	2	2	2	2	2	2	2	2	2	2	2	2	2
0	0	0	0	1	1	1	1	1	1	1	1	1	1	1	1	1	1	1	1
0	0	0	0	0	0	0	0	0	0	0	0	0	0	0	0	0	0	0	0
0	0	0	0	0	0	0	0	0	0	0	0	0	0	0	0	0	0	0	0
0	0	0	0	0	0	0	0	0	0	0	0	0	0	0	0	0	0	0	0
0.467584
0.123264
0	0	0	0	0	0	0	0	0	0	0	0	0	0	0	1	2	2	1	0
0	0	0	0	0	0	0	0	0	0	0	0	0	0	0	1	2	2	1	0
0	0	0	0	0	0	0	0	0	0	0	0	0	0	0	0	1	1	0	0
0	0	0	0	0	0	0	0	0	0	0	0	0	0	0	0	0	0	0	0
0	0	0	0	0	0	0	0	0	0	0	0	0	0	0	0	0	0	0	0
0	0	0	0	0	0	0	0	0	0	0	0	0	0	0	0	0	0	0	0
0.647435
0.611685
2	2	2	2	2	1	0	0	0	0	0	0	0	0	0	0	0	0	0	0
2	2	2	2	2	2	1	0	0	0	0	0	0	0	0	0	0	0	0	0
1	1	1	1	1	1	0	0	0	0	0	0	0	0	0	0	0	0	0	0
0	0	0	0	0	0	0	0	0	0	0	0	0	0	0	0	0	0	0	0
0	0	0	0	0	0	0	0	0	0	0	0	0	0	0	0	0	0	0	0
0	0	0	0	0	0	0	0	0	0	0	0	0	0	0	0	0	0	0	0
0.571844
0.479429
0	0	0	0	1	2	1	1	2	2	2	2	2	1	0	0	0	0	0	0
0	0	0	0	1	2	2	2	2	2	2	2	2	1	0	0	0	0	0	0
0	0	0	0	0	1	1	1	1	1	1	1	1	0	0	0	0	0	0	0
0	0	0	0	0	0	0	0	0	0	0	0	0	0	0	0	0	0	0	0
0	0	0	0	0	0	0	0	0	0	0	0	0	0	0	0	0	0	0	0
0	0	0	0	0	0	0	0	0	0	0	0	0	0	0	0	0	0	0	0
0.338685
0.145303
2	2	2	2	1	1	1	2	2	2	2	2	2	2	2	2	2	2	2	2
2	2	2	2	2	2	2	2	2	2	2	2	2	2	2	2	2	2	2	2
1	1	1	1	1	1	1	1	1	1	1	1	1	1	1	1	1	1	1	1
0	0	0	0	0	0	0	0	0	0	0	0	0	0	0	0	0	0	0	0
0	0	0	0	0	0	0	0	0	0	0	0	0	0	0	0	0	0	0	0
0	0	0	0	0	0	0	0	0	0	0	0	0	0	0	0	0	0	0	0
0.321922
0.261913
0	0	1	2	2	2	2	2	2	2	2	1	1	1	1	1	2	2	2	2
0	0	0	1	1	1	1	1	1	1	2	2	2	2	2	2	2	2	2	2
0	0	0	0	0	0	0	0	0	0	1	1	1	1	1	1	1	1	1	1
0	0	0	0	0	0	0	0	0	0	0	0	0	0	0	0	0	0	0	0
0	0	0	0	0	0	0	0	0	0	0	0	0	0	0	0	0	0	0	0
0	0	0	0	0	0	0	0	0	0	0	0	0	0	0	0	0	0	0	0
0.349105
0.180504
0	0	0	0	0	0	0	1	2	2	2	1	0	0	0	0	0	0	0	0
0	0	0	0	0	0	0	1	2	1	1	0	0	0	0	0	0	0	0	0
0	0	0	0	0	0	0	0	1	0	0	0	0	0	0	0	0	0	0	0
0	0	0	0	0	0	0	0	0	0	0	0	0	0	0	0	0	0	0	0
0	0	0	0	0	0	0	0	0	0	0	0	0	0	0	0	0	0	0	0
0	0	0	0	0	0	0	0	0	0	0	0	0	0	0	0	0	0	0	0
0.618096
0.584427
0	1	2	2	2	2	2	2	2	2	2	1	1	1	2	2	2	1	0	0
0	1	2	2	2	2	2	2	1	1	2	2	2	2	2	2	2	2	1	0
0	0	1	1	1	1	1	1	0	0	1	1	1	1	1	1	1	1	0	0
0	0	0	0	0	0	0	0	0	0	0	0	0	0	0	0	0	0	0	0
0	0	0	0	0	0	0	0	0	0	0	0	0	0	0	0	0	0	0	0
0	0	0	0	0	0	0	0	0	0	0	0	0	0	0	0	0	0	0	0
0.419427
0.156799
0	0	0	0	0	0	0	0	0	0	1	2	2	2	2	2	2	2	2	2
0	0	0	0	0	0	0	0	0	0	0	1	1	2	2	2	2	2	2	2
0	0	0	0	0	0	0	0	0	0	0	0	0	1	1	1	1	1	1	1
0	0	0	0	0	0	0	0	0	0	0	0	0	0	0	0	0	0	0	0
0	0	0	0	0	0	0	0	0	0	0	0	0	0	0	0	0	0	0	0
0	0	0	0	0	0	0	0	0	0	0	0	0	0	0	0	0	0	0	0
0.483079
0.364127
2	2	2	2	2	2	2	2	2	2	2	2	2	2	2	2	2	2	2	2
2	2	2	2	2	2	2	2	2	2	2	2	2	2	2	2	2	2	2	2
1	1	1	1	1	2	1	1	1	1	1	1	1	1	2	2	2	2	2	2
0	0	0	0	0	1	0	0	0	0	0	0	0	0	1	1	1	1	1	1
0	0	0	0	0	0	0	0	0	0	0	0	0	0	0	0	0	0	0	0
0	0	0	0	0	0	0	0	0	0	0	0	0	0	0	0	0	0	0	0
0.451503
0.100038
0	0	0	0	0	0	0	0	0	0	1	2	2	2	1	2	2	2	2	2
0	0	0	0	0	0	0	0	0	0	0	1	1	2	2	2	1	2	2	2
0	0	0	0	0	0	0	0	0	0	0	0	0	1	1	1	0	1	1	1
0	0	0	0	0	0	0	0	0	0	0	0	0	0	0	0	0	0	0	0
0	0	0	0	0	0	0	0	0	0	0	0	0	0	0	0	0	0	0	0
0	0	0	0	0	0	0	0	0	0	0	0	0	0	0	0	0	0	0	0
0.391797
0.370225
0	0	0	0	0	0	0	1	2	2	2	1	0	0	0	0	0	0	0	0
0	0	0	0	0	0	0	1	2	2	2	2	1	0	0	0	0	0	0	0
0	0	0	0	0	0	0	0	1	1	1	1	0	0	0	0	0	0	0	0
0	0	0	0	0	0	0	0	0	0	0	0	0	0	0	0	0	0	0	0
0	0	0	0	0	0	0	0	0	0	0	0	0	0	0	0	0	0	0	0
0	0	0	0	0	0	0	0	0	0	0	0	0	0	0	0	0	0	0	0
0.617351
0.513285
0	0	0	0	0	0	1	1	2	2	2	2	2	2	2	1	2	2	2	2
0	0	0	0	0	1	2	2	2	2	2	2	2	2	2	2	2	2	2	2
0	0	0	0	0	0	1	1	1	1	1	1	1	1	1	1	1	1	1	1
0	0	0	0	0	0	0	0	0	0	0	0	0	0	0	0	0	0	0	0
0	0	0	0	0	0	0	0	0	0	0	0	0	0	0	0	0	0	0	0
0	0	0	0	0	0	0	0	0	0	0	0	0	0	0	0	0	0	0	0
0.448091
0.122697
2	2	2	1	1	1	1	1	2	2	2	2	2	2	2	2	2	2	2	2
2	1	2	2	2	2	2	2	2	2	2	2	2	2	2	2	2	2	2	2
1	0	1	1	1	1	1	1	1	1	1	1	1	1	1	1	1	1	1	1
0	0	0	0	0	0	0	0	0	0	0	0	0	0	0	0	0	0	0	0
0	0	0	0	0	0	0	0	0	0	0	0	0	0	0	0	0	0	0	0
0	0	0	0	0	0	0	0	0	0	0	0	0	0	0	0	0	0	0	0
0.343983
0.206554
0	0	0	0	0	0	0	0	0	0	0	0	0	1	2	2	2	2	1	0
0	0	0	0	0	0	0	0	0	0	0	0	0	0	1	1	1	1	0	0
0	0	0	0	0	0	0	0	0	0	0	0	0	0	0	0	0	0	0	0
0	0	0	0	0	0	0	0	0	0	0	0	0	0	0	0	0	0	0	0
0	0	0	0	0	0	0	0	0	0	0	0	0	0	0	0	0	0	0	0
0	0	0	0	0	0	0	0	0	0	0	0	0	0	0	0	0	0	0	0
0.627404
0.564821
2	2	2	2	2	2	2	2	2	2	2	2	2	2	2	2	2	2	2	2
2	2	2	2	2	2	2	2	1	1	1	2	2	2	2	2	2	2	2	2
1	1	1	1	1	1	1	1	0	0	0	1	1	1	1	1	1	1	1	1
0	0	0	0	0	0	0	0	0	0	0	0	0	0	0	0	0	0	0	0
0	0	0	0	0	0	0	0	0	0	0	0	0	0	0	0	0	0	0	0
0	0	0	0	0	0	0	0	0	0	0	0	0	0	0	0	0	0	0	0
0.424028
0.281956
0	0	0	0	0	1	2	2	1	1	1	1	1	1	1	0	0	0	0	0
0	0	0	0	0	1	2	2	2	2	2	2	2	2	2	1	0	0	0	0
0	0	0	0	0	0	1	1	1	1	1	1	1	1	1	0	0	0	0	0
0	0	0	0	0	0	0	0	0	0	0	0	0	0	0	0	0	0	0	0
0	0	0	0	0	0	0	0	0	0	0	0	0	0	0	0	0	0	0	0
0	0	0	0	0	0	0	0	0	0	0	0	0	0	0	0	0	0	0	0
0.422476
0.173396
2	2	2	2	2	2	2	1	0	0	0	0	0	0	0	0	0	0	0	0
2	2	2	2	2	1	1	0	0	0	0	0	0	0	0	0	0	0	0	0
1	1	1	1	1	0	0	0	0	0	0	0	0	0	0	0	0	0	0	0
0	0	0	0	0	0	0	0	0	0	0	0	0	0	0	0	0	0	0	0
0	0	0	0	0	0	0	0	0	0	0	0	0	0	0	0	0	0	0	0
0	0	0	0	0	0	0	0	0	0	0	0	0	0	0	0	0	0	0	0
0.54999
0.411712
2	2	1	1	2	2	1	2	2	2	2	2	2	2	2	2	2	2	2	2
2	2	2	2	2	2	2	2	1	1	1	2	2	2	2	2	2	2	2	2
1	1	1	1	1	1	1	1	0	0	0	1	1	1	1	1	1	1	1	1
0	0	0	0	0	0	0	0	0	0	0	0	0	0	0	0	0	0	0	0
0	0	0	0	0	0	0	0	0	0	0	0	0	0	0	0	0	0	0	0
0	0	0	0	0	0	0	0	0	0	0	0	0	0	0	0	0	0	0	0
0.347912
0.252554
0	0	0	0	0	0	0	0	0	0	0	1	2	2	2	1	1	1	0	0
0	0	0	0	0	0	0	0	0	0	0	0	1	1	2	2	2	2	1	0
0	0	0	0	0	0	0	0	0	0	0	0	0	0	1	1	1	1	0	0
0	0	0	0	0	0	0	0	0	0	0	0	0	0	0	0	0	0	0	0
0	0	0	0	0	0	0	0	0	0	0	0	0	0	0	0	0	0	0	0
0	0	0	0	0	0	0	0	0	0	0	0	0	0	0	0	0	0	0	0
0.550632
0.424703
2	1	2	2	2	2	2	2	2	2	2	2	2	2	2	2	2	2	2	2
2	2	2	2	2	2	2	2	2	2	2	2	2	2	2	2	2	2	2	2
1	1	1	1	1	1	1	1	1	1	1	1	1	1	1	1	1	1	1	1
0	0	0	0	0	0	0	0	0	0	0	0	0	0	0	0	0	0	0	0
0	0	0	0	0	0	0	0	0	0	0	0	0	0	0	0	0	0	0	0
0	0	0	0	0	0	0	0	0	0	0	0	0	0	0	0	0	0	0	0
0.48538
0.230497
0	1	2	2	2	2	2	2	2	2	2	2	2	2	2	1	1	2	2	2
0	1	2	1	1	1	2	2	2	2	2	2	2	2	2	2	2	2	2	2
0	0	1	0	0	0	1	1	1	1	1	1	1	1	1	1	1	1	1	1
0	0	0	0	0	0	0	0	0	0	0	0	0	0	0	0	0	0	0	0
0	0	0	0	0	0	0	0	0	0	0	0	0	0	0	0	0	0	0	0
0	0	0	0	0	0	0	0	0	0	0	0	0	0	0	0	0	0	0	0
0.445239
0.121548
0	0	0	0	0	0	0	0	1	2	2	2	2	2	2	2	2	2	2	2
0	0	0	0	0	0	0	1	2	2	2	2	2	2	2	2	2	2	2	2
0	0	0	0	0	0	0	0	1	1	1	1	1	1	1	1	1	1	1	1
0	0	0	0	0	0	0	0	0	0	0	0	0	0	0	0	0	0	0	0
0	0	0	0	0	0	0	0	0	0	0	0	0	0	0	0	0	0	0	0
0	0	0	0	0	0	0	0	0	0	0	0	0	0	0	0	0	0	0	0
0.49291
0.198582
0	0	0	1	1	1	1	1	1	1	1	1	1	1	2	2	2	2	2	2
0	0	1	2	2	2	2	2	2	2	2	2	2	2	2	2	2	2	2	2
0	0	0	1	1	1	1	1	1	1	1	1	1	1	1	1	1	1	1	1
0	0	0	0	0	0	0	0	0	0	0	0	0	0	0	0	0	0	0	0
0	0	0	0	0	0	0	0	0	0	0	0	0	0	0	0	0	0	0	0
0	0	0	0	0	0	0	0	0	0	0	0	0	0	0	0	0	0	0	0
0.236069
0.206636
0	0	0	0	0	0	0	0	0	1	2	2	2	2	2	2	2	2	1	0
0	0	0	0	0	0	0	0	0	1	2	2	2	1	2	2	2	2	1	0
0	0	0	0	0	0	0	0	0	0	1	1	1	0	1	1	1	1	0	0
0	0	0	0	0	0	0	0	0	0	0	0	0	0	0	0	0	0	0	0
0	0	0	0	0	0	0	0	0	0	0	0	0	0	0	0	0	0	0	0
0	0	0	0	0	0	0	0	0	0	0	0	0	0	0	0	0	0	0	0
0.579678
0.351261
1	2	1	1	1	1	1	2	2	2	2	2	2	2	2	2	2	2	2	2
1	2	2	2	2	2	2	2	1	2	2	1	1	1	1	1	1	1	1	1
0	1	1	1	1	1	1	1	0	1	1	0	0	0	0	0	0	0	0	0
0	0	0	0	0	0	0	0	0	0	0	0	0	0	0	0	0	0	0	0
0	0	0	0	0	0	0	0	0	0	0	0	0	0	0	0	0	0	0	0
0	0	0	0	0	0	0	0	0	0	0	0	0	0	0	0	0	0	0	0
0.180543
0.0987388
2	2	2	2	2	2	2	2	2	2	2	2	2	2	1	0	0	0	0	0
2	2	1	2	2	2	2	2	2	2	2	2	1	2	1	0	0	0	0	0
1	1	0	1	1	1	1	1	1	1	1	1	0	1	0	0	0	0	0	0
0	0	0	0	0	0	0	0	0	0	0	0	0	0	0	0	0	0	0	0
0	0	0	0	0	0	0	0	0	0	0	0	0	0	0	0	0	0	0	0
0	0	0	0	0	0	0	0	0	0	0	0	0	0	0	0	0	0	0	0
0.368
0.142822
0	0	0	0	0	1	2	2	2	2	2	2	2	2	2	2	1	0	0	0
0	0	0	0	0	1	2	2	2	2	2	2	2	2	1	1	0	0	0	0
0	0	0	0	0	0	1	1	1	1	1	1	1	1	0	0	0	0	0	0
0	0	0	0	0	0	0	0	0	0	0	0	0	0	0	0	0	0	0	0
0	0	0	0	0	0	0	0	0	0	0	0	0	0	0	0	0	0	0	0
0	0	0	0	0	0	0	0	0	0	0	0	0	0	0	0	0	0	0	0
0.55681
0.212431
0	0	0	0	1	2	2	2	2	2	2	2	2	2	2	2	2	2	2	2
0	0	0	0	0	1	1	1	1	1	2	2	2	2	2	2	2	2	2	2
0	0	0	0	0	0	0	0	0	0	1	1	1	1	1	1	1	1	1	1
0	0	0	0	0	0	0	0	0	0	0	0	0	0	0	0	0	0	0	0
0	0	0	0	0	0	0	0	0	0	0	0	0	0	0	0	0	0	0	0
0	0	0	0	0	0	0	0	0	0	0	0	0	0	0	0	0	0	0	0
0.413344
0.189849
0	0	0	1	2	2	1	1	2	2	2	2	2	2	2	2	2	2	2	2
0	0	0	0	1	2	2	2	2	1	1	2	2	2	2	2	2	2	2	2
0	0	0	0	0	1	1	1	1	0	0	1	1	1	1	1	1	1	1	1
0	0	0	0	0	0	0	0	0	0	0	0	0	0	0	0	0	0	0	0
0	0	0	0	0	0	0	0	0	0	0	0	0	0	0	0	0	0	0	0
0	0	0	0	0	0	0	0	0	0	0	0	0	0	0	0	0	0	0	0
0.303485
0.1355
0	0	0	0	0	0	1	2	1	1	2	2	1	0	0	0	0	0	0	0
0	0	0	0	0	0	1	2	2	2	2	2	1	0	0	0	0	0	0	0
0	0	0	0	0	0	0	1	1	1	1	1	0	0	0	0	0	0	0	0
0	0	0	0	0	0	0	0	0	0	0	0	0	0	0	0	0	0	0	0
0	0	0	0	0	0	0	0	0	0	0	0	0	0	0	0	0	0	0	0
0	0	0	0	0	0	0	0	0	0	0	0	0	0	0	0	0	0	0	0
0.418802
0.284807
0	0	0	0	1	2	2	1	0	0	0	0	0	0	0	0	0	0	0	0
0	0	0	1	2	2	2	1	0	0	0	0	0	0	0	0	0	0	0	0
0	0	0	0	1	1	1	0	0	0	0	0	0	0	0	0	0	0	0	0
0	0	0	0	0	0	0	0	0	0	0	0	0	0	0	0	0	0	0	0
0	0	0	0	0	0	0	0	0	0	0	0	0	0	0	0	0	0	0	0
0	0	0	0	0	0	0	0	0	0	0	0	0	0	0	0	0	0	0	0
0.558424
0.499086
0	0	0	0	0	0	0	0	0	1	2	2	2	2	2	1	0	0	0	0
0	0	0	0	0	0	0	0	0	1	2	2	1	1	1	0	0	0	0	0
0	0	0	0	0	0	0	0	0	0	1	1	0	0	0	0	0	0	0	0
0	0	0	0	0	0	0	0	0	0	0	0	0	0	0	0	0	0	0	0
0	0	0	0	0	0	0	0	0	0	0	0	0	0	0	0	0	0	0	0
0	0	0	0	0	0	0	0	0	0	0	0	0	0	0	0	0	0	0	0
0.585659
0.44296
2	2	2	2	2	2	2	2	2	2	2	2	2	2	2	2	2	2	2	2
2	2	2	2	2	2	2	2	2	2	2	2	2	2	2	2	2	2	2	2
1	1	1	1	1	1	2	1	1	1	1	1	1	1	1	1	1	1	1	2
0	0	0	0	0	0	1	0	0	0	0	0	0	0	0	0	0	0	0	1
0	0	0	0	0	0	0	0	0	0	0	0	0	0	0	0	0	0	0	0
0	0	0	0	0	0	0	0	0	0	0	0	0	0	0	0	0	0	0	0
0.387174
0.191512
1	2	2	2	2	2	2	2	2	2	2	2	2	2	2	2	2	2	2	2
0	1	2	2	2	2	2	2	2	2	2	2	2	2	2	2	2	2	2	2
0	0	1	1	1	1	1	1	1	1	1	1	1	1	1	1	1	1	1	1
0	0	0	0	0	0	0	0	0	0	0	0	0	0	0	0	0	0	0	0
0	0	0	0	0	0	0	0	0	0	0	0	0	0	0	0	0	0	0	0
0	0	0	0	0	0	0	0	0	0	0	0	0	0	0	0	0	0	0	0
0.49784
0.165132
2	2	2	2	2	1	1	1	2	2	1	1	2	2	2	2	2	2	2	2
2	2	2	2	2	2	2	2	2	2	2	2	2	2	2	2	2	2	2	2
2	1	1	1	1	1	1	1	1	2	2	2	2	2	2	2	2	2	2	2
1	0	0	0	0	0	0	0	0	1	1	1	1	1	1	1	1	1	1	1
0	0	0	0	0	0	0	0	0	0	0	0	0	0	0	0	0	0	0	0
0	0	0	0	0	0	0	0	0	0	0	0	0	0	0	0	0	0	0	0
0.378299
0.0638315
2	2	2	2	1	1	1	1	1	1	1	1	1	1	2	2	2	2	2	2
2	2	2	2	2	2	2	2	2	2	2	2	2	2	2	2	2	2	2	1
1	1	1	1	1	1	1	1	1	1	1	1	1	1	1	1	1	1	1	0
0	0	0	0	0	0	0	0	0	0	0	0	0	0	0	0	0	0	0	0
0	0	0	0	0	0	0	0	0	0	0	0	0	0	0	0	0	0	0	0
0	0	0	0	0	0	0	0	0	0	0	0	0	0	0	0	0	0	0	0
0.259598
0.253495
2	2	2	1	2	2	2	2	2	2	2	2	2	2	2	2	2	2	2	2
2	2	2	2	2	2	2	2	2	2	2	2	2	2	2	2	2	2	2	2
1	1	1	1	1	1	1	1	1	1	1	1	1	1	1	1	1	1	1	1
0	0	0	0	0	0	0	0	0	0	0	0	0	0	0	0	0	0	0	0
0	0	0	0	0	0	0	0	0	0	0	0	0	0	0	0	0	0	0	0
0	0	0	0	0	0	0	0	0	0	0	0	0	0	0	0	0	0	0	0
0.474451
0.230344
0	0	1	1	1	1	2	2	2	1	0	0	0	0	0	0	0	0	0	0
0	1	2	2	2	2	2	1	1	0	0	0	0	0	0	0	0	0	0	0
0	0	1	1	1	1	1	0	0	0	0	0	0	0	0	0	0	0	0	0
0	0	0	0	0	0	0	0	0	0	0	0	0	0	0	0	0	0	0	0
0	0	0	0	0	0	0	0	0	0	0	0	0	0	0	0	0	0	0	0
0	0	0	0	0	0	0	0	0	0	0	0	0	0	0	0	0	0	0	0
0.547111
0.418999
2	1	2	2	2	2	2	2	2	2	2	2	2	2	2	2	2	2	2	2
2	2	2	1	2	2	2	2	1	1	1	1	1	1	1	1	1	1	2	2
1	1	1	0	1	1	1	1	0	0	0	0	0	0	0	0	0	0	1	1
0	0	0	0	0	0	0	0	0	0	0	0	0	0	0	0	0	0	0	0
0	0	0	0	0	0	0	0	0	0	0	0	0	0	0	0	0	0	0	0
0	0	0	0	0	0	0	0	0	0	0	0	0	0	0	0	0	0	0	0
0.443702
0.27457
0	0	0	0	1	2	2	2	1	2	2	2	2	2	2	2	2	2	2	1
0	0	0	0	0	1	1	2	2	2	2	2	2	2	2	2	2	2	2	1
0	0	0	0	0	0	0	1	1	1	1	1	1	1	1	1	1	1	1	0
0	0	0	0	0	0	0	0	0	0	0	0	0	0	0	0	0	0	0	0
0	0	0	0	0	0	0	0	0	0	0	0	0	0	0	0	0	0	0	0
0	0	0	0	0	0	0	0	0	0	0	0	0	0	0	0	0	0	0	0
0.254767
0.112765
2	2	2	2	2	2	2	2	2	2	2	2	2	2	2	2	2	2	2	2
2	2	2	2	2	2	2	2	2	2	2	2	2	2	2	2	2	2	2	2
1	1	1	1	1	2	1	1	1	1	1	1	1	1	1	1	1	1	2	2
0	0	0	0	0	1	0	0	0	0	0	0	0	0	0	0	0	0	1	1
0	0	0	0	0	0	0	0	0	0	0	0	0	0	0	0	0	0	0	0
0	0	0	0	0	0	0	0	0	0	0	0	0	0	0	0	0	0	0	0
0.450628
0.142395
2	2	2	1	1	2	2	2	2	2	2	2	2	2	2	2	2	2	2	2
2	2	2	2	2	2	2	2	2	2	2	2	2	2	2	2	2	2	2	2
1	1	1	1	1	1	2	1	1	1	1	1	1	1	1	1	1	1	2	2
0	0	0	0	0	0	1	0	0	0	0	0	0	0	0	0	0	0	1	1
0	0	0	0	0	0	0	0	0	0	0	0	0	0	0	0	0	0	0	0
0	0	0	0	0	0	0	0	0	0	0	0	0	0	0	0	0	0	0	0
0.302189
0.169008
0	1	2	2	2	2	1	1	1	0	0	0	0	0	0	0	0	0	0	0
0	0	1	1	1	2	2	2	2	1	0	0	0	0	0	0	0	0	0	0
0	0	0	0	0	1	1	1	1	0	0	0	0	0	0	0	0	0	0	0
0	0	0	0	0	0	0	0	0	0	0	0	0	0	0	0	0	0	0	0
0	0	0	0	0	0	0	0	0	0	0	0	0	0	0	0	0	0	0	0
0	0	0	0	0	0	0	0	0	0	0	0	0	0	0	0	0	0	0	0
0.496394
0.35137
0	0	0	1	2	1	2	2	2	2	1	2	2	2	1	0	0	0	0	0
0	0	0	1	2	2	2	1	1	2	2	2	2	2	1	0	0	0	0	0
0	0	0	0	1	1	1	0	0	1	1	1	1	1	0	0	0	0	0	0
0	0	0	0	0	0	0	0	0	0	0	0	0	0	0	0	0	0	0	0
0	0	0	0	0	0	0	0	0	0	0	0	0	0	0	0	0	0	0	0
0	0	0	0	0	0	0	0	0	0	0	0	0	0	0	0	0	0	0	0
0.407045
0.172776
0	0	0	1	2	2	2	2	2	2	2	1	1	1	1	2	2	2	2	2
0	0	0	1	2	2	2	2	1	1	2	2	2	2	2	2	1	1	1	2
0	0	0	0	1	1	1	1	0	0	1	1	1	1	1	1	0	0	0	1
0	0	0	0	0	0	0	0	0	0	0	0	0	0	0	0	0	0	0	0
0	0	0	0	0	0	0	0	0	0	0	0	0	0	0	0	0	0	0	0
0	0	0	0	0	0	0	0	0	0	0	0	0	0	0	0	0	0	0	0
0.311639
0.178332
2	2	2	2	2	2	2	2	2	2	2	2	2	2	2	2	2	2	2	2
2	2	2	2	2	2	2	2	2	2	2	2	2	2	2	2	2	2	2	2
1	1	1	1	2	1	1	1	1	1	1	1	1	1	1	2	2	2	2	2
0	0	0	0	1	0	0	0	0	0	0	0	0	0	0	1	1	1	1	1
0	0	0	0	0	0	0	0	0	0	0	0	0	0	0	0	0	0	0	0
0	0	0	0	0	0	0	0	0	0	0	0	0	0	0	0	0	0	0	0
0.485228
0.124715
0	0	0	1	2	2	2	2	2	2	2	2	2	2	2	2	2	2	2	2
0	0	0	1	2	2	2	2	2	2	1	2	2	2	2	1	2	2	2	2
0	0	0	0	1	1	1	1	1	1	0	1	1	1	1	0	1	1	1	1
0	0	0	0	0	0	0	0	0	0	0	0	0	0	0	0	0	0	0	0
0	0	0	0	0	0	0	0	0	0	0	0	0	0	0	0	0	0	0	0
0	0	0	0	0	0	0	0	0	0	0	0	0	0	0	0	0	0	0	0
0.387845
0.139606
0	0	0	0	0	0	0	0	0	0	1	2	1	1	2	2	2	1	2	2
0	0	0	0	0	0	0	0	0	1	2	2	2	2	2	2	2	2	2	2
0	0	0	0	0	0	0	0	0	0	1	1	1	1	1	1	1	1	1	1
0	0	0	0	0	0	0	0	0	0	0	0	0	0	0	0	0	0	0	0
0	0	0	0	0	0	0	0	0	0	0	0	0	0	0	0	0	0	0	0
0	0	0	0	0	0	0	0	0	0	0	0	0	0	0	0	0	0	0	0
0.405671
0.256297
2	2	2	2	2	2	2	2	2	2	2	2	2	2	2	2	2	2	2	2
2	2	2	2	2	2	2	2	2	2	2	2	2	2	2	2	2	2	2	2
1	1	1	1	1	1	1	1	1	1	1	1	1	1	1	1	1	1	1	1
0	0	0	0	0	0	0	0	0	0	0	0	0	0	0	0	0	0	0	0
0	0	0	0	0	0	0	0	0	0	0	0	0	0	0	0	0	0	0	0
0	0	0	0	0	0	0	0	0	0	0	0	0	0	0	0	0	0	0	0
0.485228
0.233355
2	2	2	2	2	2	2	2	2	2	2	2	2	2	2	2	2	2	2	2
2	2	2	2	2	2	2	2	2	2	2	2	2	2	2	2	2	2	2	2
1	1	1	1	1	1	1	1	1	1	1	1	1	1	1	1	1	1	1	1
0	0	0	0	0	0	0	0	0	0	0	0	0	0	0	0	0	0	0	0
0	0	0	0	0	0	0	0	0	0	0	0	0	0	0	0	0	0	0	0
0	0	0	0	0	0	0	0	0	0	0	0	0	0	0	0	0	0	0	0
0.485228
0.233355
2	2	2	2	1	1	2	2	2	2	1	1	1	1	1	2	1	0	0	0
2	2	2	2	2	2	2	2	1	2	2	2	2	2	2	2	1	0	0	0
1	1	1	1	1	1	1	1	0	1	1	1	1	1	1	1	0	0	0	0
0	0	0	0	0	0	0	0	0	0	0	0	0	0	0	0	0	0	0	0
0	0	0	0	0	0	0	0	0	0	0	0	0	0	0	0	0	0	0	0
0	0	0	0	0	0	0	0	0	0	0	0	0	0	0	0	0	0	0	0
0.179543
0.149718
2	2	2	2	2	2	2	2	2	2	2	2	2	2	2	2	2	2	2	1
2	2	1	1	1	1	1	1	1	1	1	1	1	1	1	1	1	1	1	0
1	1	0	0	0	0	0	0	0	0	0	0	0	0	0	0	0	0	0	0
0	0	0	0	0	0	0	0	0	0	0	0	0	0	0	0	0	0	0	0
0	0	0	0	0	0	0	0	0	0	0	0	0	0	0	0	0	0	0	0
0	0	0	0	0	0	0	0	0	0	0	0	0	0	0	0	0	0	0	0
0.421127
0.279529
2	2	2	2	2	2	2	2	2	2	2	2	2	2	2	2	2	2	2	2
2	2	2	2	2	2	2	2	2	2	2	2	2	1	1	1	2	2	2	2
1	1	1	1	1	1	1	1	1	1	1	1	1	0	0	0	1	1	1	1
0	0	0	0	0	0	0	0	0	0	0	0	0	0	0	0	0	0	0	0
0	0	0	0	0	0	0	0	0	0	0	0	0	0	0	0	0	0	0	0
0	0	0	0	0	0	0	0	0	0	0	0	0	0	0	0	0	0	0	0
0.427303
0.213862
2	2	2	2	2	2	2	2	2	2	2	2	2	2	2	2	2	2	2	2
2	2	2	2	2	2	2	2	2	1	1	1	1	1	1	1	2	2	2	2
1	1	1	1	1	2	1	1	1	0	0	0	0	0	0	0	1	1	1	2
0	0	0	0	0	1	0	0	0	0	0	0	0	0	0	0	0	0	0	1
0	0	0	0	0	0	0	0	0	0	0	0	0	0	0	0	0	0	0	0
0	0	0	0	0	0	0	0	0	0	0	0	0	0	0	0	0	0	0	0
0.413802
0.215183
2	2	2	2	2	2	1	0	0	0	0	0	0	0	0	0	0	0	0	0
2	2	2	2	2	2	1	0	0	0	0	0	0	0	0	0	0	0	0	0
1	1	1	1	1	1	0	0	0	0	0	0	0	0	0	0	0	0	0	0
0	0	0	0	0	0	0	0	0	0	0	0	0	0	0	0	0	0	0	0
0	0	0	0	0	0	0	0	0	0	0	0	0	0	0	0	0	0	0	0
0	0	0	0	0	0	0	0	0	0	0	0	0	0	0	0	0	0	0	0
0.58497
0.485727
2	2	2	2	2	2	2	2	2	2	2	2	2	2	2	2	2	2	2	2
2	1	1	1	1	1	2	2	2	2	2	2	2	2	2	2	2	2	2	2
1	0	0	0	0	0	1	1	1	1	1	1	1	1	1	1	1	1	1	1
0	0	0	0	0	0	0	0	0	0	0	0	0	0	0	0	0	0	0	0
0	0	0	0	0	0	0	0	0	0	0	0	0	0	0	0	0	0	0	0
0	0	0	0	0	0	0	0	0	0	0	0	0	0	0	0	0	0	0	0
0.421271
0.0956568
2	2	1	0	0	0	0	0	0	0	0	0	0	0	0	0	0	0	0	0
2	1	0	0	0	0	0	0	0	0	0	0	0	0	0	0	0	0	0	0
1	0	0	0	0	0	0	0	0	0	0	0	0	0	0	0	0	0	0	0
0	0	0	0	0	0	0	0	0	0	0	0	0	0	0	0	0	0	0	0
0	0	0	0	0	0	0	0	0	0	0	0	0	0	0	0	0	0	0	0
0	0	0	0	0	0	0	0	0	0	0	0	0	0	0	0	0	0	0	0
0.652331
0.650277
1	1	1	2	2	2	2	1	0	0	0	0	0	0	0	0	0	0	0	0
2	2	2	2	1	2	2	1	0	0	0	0	0	0	0	0	0	0	0	0
1	1	1	1	0	1	1	0	0	0	0	0	0	0	0	0	0	0	0	0
0	0	0	0	0	0	0	0	0	0	0	0	0	0	0	0	0	0	0	0
0	0	0	0	0	0	0	0	0	0	0	0	0	0	0	0	0	0	0	0
0	0	0	0	0	0	0	0	0	0	0	0	0	0	0	0	0	0	0	0
0.534647
0.40824
2	2	2	2	2	2	2	2	2	2	2	2	2	2	2	2	2	2	2	2
2	2	2	2	2	2	2	2	2	2	2	2	2	2	2	2	2	2	2	2
1	1	1	1	1	1	2	1	1	1	1	1	1	1	1	1	1	2	2	2
0	0	0	0	0	0	1	0	0	0	0	0	0	0	0	0	0	1	1	1
0	0	0	0	0	0	0	0	0	0	0	0	0	0	0	0	0	0	0	0
0	0	0	0	0	0	0	0	0	0	0	0	0	0	0	0	0	0	0	0
0.425307
0.0690145
2	2	2	2	2	2	2	2	2	2	2	2	2	2	2	2	2	2	2	2
2	2	2	2	2	2	2	2	2	2	2	2	2	2	2	2	2	2	2	2
1	1	1	1	1	1	1	1	2	1	1	1	1	1	1	1	2	2	2	2
0	0	0	0	0	0	0	0	1	0	0	0	0	0	0	0	1	1	1	1
0	0	0	0	0	0	0	0	0	0	0	0	0	0	0	0	0	0	0	0
0	0	0	0	0	0	0	0	0	0	0	0	0	0	0	0	0	0	0	0
0.496848
0.08433
2	2	2	2	2	2	2	2	2	2	2	2	2	2	2	2	2	2	2	2
2	2	2	2	2	2	2	2	2	2	2	2	2	2	2	2	2	2	2	2
1	1	1	1	1	1	1	1	1	1	1	1	2	1	1	1	1	2	2	2
0	0	0	0	0	0	0	0	0	0	0	0	1	0	0	0	0	1	1	1
0	0	0	0	0	0	0	0	0	0	0	0	0	0	0	0	0	0	0	0
0	0	0	0	0	0	0	0	0	0	0	0	0	0	0	0	0	0	0	0
0.442933
0.0766175
2	2	2	2	2	2	2	2	2	2	2	2	2	2	2	2	2	2	2	2
2	2	2	2	2	2	2	2	1	2	2	2	2	2	2	2	2	2	2	2
1	1	1	1	1	1	2	1	0	1	1	1	1	1	1	1	1	2	2	2
0	0	0	0	0	0	1	0	0	0	0	0	0	0	0	0	0	1	1	1
0	0	0	0	0	0	0	0	0	0	0	0	0	0	0	0	0	0	0	0
0	0	0	0	0	0	0	0	0	0	0	0	0	0	0	0	0	0	0	0
0.335393
0.0924531
2	1	1	1	2	2	2	2	1	1	1	1	2	2	2	1	1	1	1	2
2	2	2	2	2	2	2	2	2	2	2	2	2	2	2	2	2	2	2	2
1	1	1	1	1	1	1	1	1	1	1	1	1	1	1	1	1	1	1	1
0	0	0	0	0	0	0	0	0	0	0	0	0	0	0	0	0	0	0	0
0	0	0	0	0	0	0	0	0	0	0	0	0	0	0	0	0	0	0	0
0	0	0	0	0	0	0	0	0	0	0	0	0	0	0	0	0	0	0	0
0.359615
0.225666
2	2	2	2	2	2	2	2	2	1	0	0	0	0	0	0	0	0	0	0
2	2	2	2	2	2	2	1	1	0	0	0	0	0	0	0	0	0	0	0
1	1	1	1	1	1	1	0	0	0	0	0	0	0	0	0	0	0	0	0
0	0	0	0	0	0	0	0	0	0	0	0	0	0	0	0	0	0	0	0
0	0	0	0	0	0	0	0	0	0	0	0	0	0	0	0	0	0	0	0
0	0	0	0	0	0	0	0	0	0	0	0	0	0	0	0	0	0	0	0
0.561495
0.396766
2	2	1	1	1	0	0	0	0	0	0	0	0	0	0	0	0	0	0	0
2	2	2	2	2	1	0	0	0	0	0	0	0	0	0	0	0	0	0	0
1	1	1	1	1	0	0	0	0	0	0	0	0	0	0	0	0	0	0	0
0	0	0	0	0	0	0	0	0	0	0	0	0	0	0	0	0	0	0	0
0	0	0	0	0	0	0	0	0	0	0	0	0	0	0	0	0	0	0	0
0	0	0	0	0	0	0	0	0	0	0	0	0	0	0	0	0	0	0	0
0.58251
0.522724
0	0	0	0	0	0	0	0	0	0	1	2	2	2	2	2	1	1	2	2
0	0	0	0	0	0	0	0	0	0	0	1	1	2	2	2	2	2	2	2
0	0	0	0	0	0	0	0	0	0	0	0	0	1	1	1	1	1	1	1
0	0	0	0	0	0	0	0	0	0	0	0	0	0	0	0	0	0	0	0
0	0	0	0	0	0	0	0	0	0	0	0	0	0	0	0	0	0	0	0
0	0	0	0	0	0	0	0	0	0	0	0	0	0	0	0	0	0	0	0
0.463629
0.372957
2	2	2	2	2	1	1	0	0	0	0	0	0	0	0	0	0	0	0	0
2	2	2	2	2	2	2	1	0	0	0	0	0	0	0	0	0	0	0	0
1	1	1	1	1	1	1	0	0	0	0	0	0	0	0	0	0	0	0	0
0	0	0	0	0	0	0	0	0	0	0	0	0	0	0	0	0	0	0	0
0	0	0	0	0	0	0	0	0	0	0	0	0	0	0	0	0	0	0	0
0	0	0	0	0	0	0	0	0	0	0	0	0	0	0	0	0	0	0	0
0.525752
0.408112
2	2	2	2	2	2	2	2	2	2	2	2	2	2	2	2	2	2	2	2
1	1	1	1	1	1	1	1	1	1	2	2	2	2	2	2	2	2	2	2
0	0	0	0	0	0	0	0	0	0	1	2	1	1	2	2	2	2	2	2
0	0	0	0	0	0	0	0	0	0	0	1	0	0	1	1	1	1	1	1
0	0	0	0	0	0	0	0	0	0	0	0	0	0	0	0	0	0	0	0
0	0	0	0	0	0	0	0	0	0	0	0	0	0	0	0	0	0	0	0
0.407783
0.216675
0	1	2	2	2	2	1	2	2	1	1	2	2	2	2	2	2	2	2	2
0	1	2	2	2	2	2	2	2	2	2	2	2	2	2	2	2	2	2	2
0	0	1	1	1	1	1	1	1	1	1	1	1	1	1	1	1	1	1	1
0	0	0	0	0	0	0	0	0	0	0	0	0	0	0	0	0	0	0	0
0	0	0	0	0	0	0	0	0	0	0	0	0	0	0	0	0	0	0	0
0	0	0	0	0	0	0	0	0	0	0	0	0	0	0	0	0	0	0	0
0.356629
0.193111
0	0	1	2	2	2	2	2	2	2	2	2	2	2	2	2	2	2	2	2
0	0	1	2	2	2	2	2	2	2	2	2	2	2	2	2	2	2	2	2
0	0	0	1	1	1	1	1	1	1	1	1	1	1	1	1	1	1	1	1
0	0	0	0	0	0	0	0	0	0	0	0	0	0	0	0	0	0	0	0
0	0	0	0	0	0	0	0	0	0	0	0	0	0	0	0	0	0	0	0
0	0	0	0	0	0	0	0	0	0	0	0	0	0	0	0	0	0	0	0
0.394368
0.204846
0	0	0	0	0	1	2	2	2	2	2	2	2	1	0	0	0	0	0	0
0	0	0	0	0	1	2	2	1	1	1	1	2	1	0	0	0	0	0	0
0	0	0	0	0	0	1	1	0	0	0	0	1	0	0	0	0	0	0	0
0	0	0	0	0	0	0	0	0	0	0	0	0	0	0	0	0	0	0	0
0	0	0	0	0	0	0	0	0	0	0	0	0	0	0	0	0	0	0	0
0	0	0	0	0	0	0	0	0	0	0	0	0	0	0	0	0	0	0	0
0.59847
0.508604
0	0	0	0	1	2	2	2	1	0	0	0	0	0	0	0	0	0	0	0
0	0	0	0	1	2	1	1	0	0	0	0	0	0	0	0	0	0	0	0
0	0	0	0	0	1	0	0	0	0	0	0	0	0	0	0	0	0	0	0
0	0	0	0	0	0	0	0	0	0	0	0	0	0	0	0	0	0	0	0
0	0	0	0	0	0	0	0	0	0	0	0	0	0	0	0	0	0	0	0
0	0	0	0	0	0	0	0	0	0	0	0	0	0	0	0	0	0	0	0
0.46793
0.422327
2	2	2	2	1	1	1	1	1	2	2	2	2	2	2	2	2	2	2	2
2	2	2	2	2	2	2	2	2	2	2	2	2	2	2	2	2	2	2	2
1	1	2	1	1	1	1	1	1	1	1	1	2	2	2	2	2	2	2	2
0	0	1	0	0	0	0	0	0	0	0	0	1	1	1	1	1	1	1	1
0	0	0	0	0	0	0	0	0	0	0	0	0	0	0	0	0	0	0	0
0	0	0	0	0	0	0	0	0	0	0	0	0	0	0	0	0	0	0	0
0.275368
0.086016
0	0	1	2	2	2	2	2	2	2	2	1	1	1	2	2	2	2	2	2
0	0	1	2	2	2	2	2	2	2	2	2	2	2	2	1	2	2	2	2
0	0	0	1	1	1	1	1	1	1	1	1	1	1	1	0	1	1	1	1
0	0	0	0	0	0	0	0	0	0	0	0	0	0	0	0	0	0	0	0
0	0	0	0	0	0	0	0	0	0	0	0	0	0	0	0	0	0	0	0
0	0	0	0	0	0	0	0	0	0	0	0	0	0	0	0	0	0	0	0
0.316948
0.211103
2	2	2	2	2	2	2	2	2	2	2	2	2	2	2	2	2	2	2	2
2	2	2	2	1	1	2	2	2	2	2	2	2	2	2	2	2	2	2	2
1	1	2	1	0	0	1	1	1	1	1	1	1	1	1	1	1	1	2	2
0	0	1	0	0	0	0	0	0	0	0	0	0	0	0	0	0	0	1	1
0	0	0	0	0	0	0	0	0	0	0	0	0	0	0	0	0	0	0	0
0	0	0	0	0	0	0	0	0	0	0	0	0	0	0	0	0	0	0	0
0.472287
0.0553114
2	2	2	2	2	2	2	2	2	2	2	2	2	1	0	0	0	0	0	0
2	2	2	2	2	2	2	1	1	1	2	2	2	1	0	0	0	0	0	0
1	1	1	1	1	1	1	0	0	0	1	1	1	0	0	0	0	0	0	0
0	0	0	0	0	0	0	0	0	0	0	0	0	0	0	0	0	0	0	0
0	0	0	0	0	0	0	0	0	0	0	0	0	0	0	0	0	0	0	0
0	0	0	0	0	0	0	0	0	0	0	0	0	0	0	0	0	0	0	0
0.483721
0.264764
1	2	2	1	0	0	0	0	0	0	0	0	0	0	0	0	0	0	0	0
2	2	1	0	0	0	0	0	0	0	0	0	0	0	0	0	0	0	0	0
1	1	0	0	0	0	0	0	0	0	0	0	0	0	0	0	0	0	0	0
0	0	0	0	0	0	0	0	0	0	0	0	0	0	0	0	0	0	0	0
0	0	0	0	0	0	0	0	0	0	0	0	0	0	0	0	0	0	0	0
0	0	0	0	0	0	0	0	0	0	0	0	0	0	0	0	0	0	0	0
0.630296
0.616302
0	0	0	0	0	1	2	2	2	2	2	2	2	2	2	2	2	2	2	2
0	0	0	0	0	0	1	1	2	2	2	2	2	2	2	2	2	2	2	2
0	0	0	0	0	0	0	0	1	1	1	1	1	1	1	1	1	1	1	1
0	0	0	0	0	0	0	0	0	0	0	0	0	0	0	0	0	0	0	0
0	0	0	0	0	0	0	0	0	0	0	0	0	0	0	0	0	0	0	0
0	0	0	0	0	0	0	0	0	0	0	0	0	0	0	0	0	0	0	0
0.476206
0.142037
0	0	0	0	0	1	2	2	2	1	0	0	0	0	0	0	0	0	0	0
0	0	0	0	0	1	2	2	2	1	0	0	0	0	0	0	0	0	0	0
0	0	0	0	0	0	1	1	1	0	0	0	0	0	0	0	0	0	0	0
0	0	0	0	0	0	0	0	0	0	0	0	0	0	0	0	0	0	0	0
0	0	0	0	0	0	0	0	0	0	0	0	0	0	0	0	0	0	0	0
0	0	0	0	0	0	0	0	0	0	0	0	0	0	0	0	0	0	0	0
0.629694
0.574241
1	2	2	2	2	2	2	2	2	2	2	2	2	2	2	2	2	2	2	2
0	1	1	1	1	1	1	1	1	1	1	2	2	2	2	1	1	1	2	2
0	0	0	0	0	0	0	0	0	0	0	1	1	1	1	0	0	0	1	1
0	0	0	0	0	0	0	0	0	0	0	0	0	0	0	0	0	0	0	0
0	0	0	0	0	0	0	0	0	0	0	0	0	0	0	0	0	0	0	0
0	0	0	0	0	0	0	0	0	0	0	0	0	0	0	0	0	0	0	0
0.283202
0.174643
1	2	2	2	2	2	2	1	1	1	2	2	2	2	2	2	1	0	0	0
1	2	2	2	1	1	2	2	2	2	2	1	2	2	1	2	2	1	0	0
0	1	1	1	0	0	1	1	1	1	1	0	1	1	0	1	1	0	0	0
0	0	0	0	0	0	0	0	0	0	0	0	0	0	0	0	0	0	0	0
0	0	0	0	0	0	0	0	0	0	0	0	0	0	0	0	0	0	0	0
0	0	0	0	0	0	0	0	0	0	0	0	0	0	0	0	0	0	0	0
0.333869
0.213458
2	2	2	1	1	1	1	1	2	2	2	1	0	0	0	0	0	0	0	0
2	2	2	2	2	2	2	2	2	2	2	1	0	0	0	0	0	0	0	0
1	1	1	1	1	1	1	1	1	1	1	0	0	0	0	0	0	0	0	0
0	0	0	0	0	0	0	0	0	0	0	0	0	0	0	0	0	0	0	0
0	0	0	0	0	0	0	0	0	0	0	0	0	0	0	0	0	0	0	0
0	0	0	0	0	0	0	0	0	0	0	0	0	0	0	0	0	0	0	0
0.411926
0.199328
2	2	2	2	2	2	2	2	2	2	2	2	2	2	2	2	2	2	2	2
1	1	1	2	2	2	2	2	2	2	2	2	2	2	2	2	2	2	2	2
0	0	0	1	1	1	1	1	1	1	1	1	1	1	1	1	1	1	1	1
0	0	0	0	0	0	0	0	0	0	0	0	0	0	0	0	0	0	0	0
0	0	0	0	0	0	0	0	0	0	0	0	0	0	0	0	0	0	0	0
0	0	0	0	0	0	0	0	0	0	0	0	0	0	0	0	0	0	0	0
0.409043
0.187312
2	2	2	2	2	2	2	2	2	2	2	2	2	2	2	2	2	2	2	2
2	2	2	2	2	2	2	1	1	2	2	2	2	2	2	2	2	2	2	2
1	1	1	1	1	1	1	0	0	1	1	1	1	1	1	1	1	1	1	1
0	0	0	0	0	0	0	0	0	0	0	0	0	0	0	0	0	0	0	0
0	0	0	0	0	0	0	0	0	0	0	0	0	0	0	0	0	0	0	0
0	0	0	0	0	0	0	0	0	0	0	0	0	0	0	0	0	0	0	0
0.416818
0.255632
2	2	2	2	2	2	2	2	2	1	1	2	2	2	2	2	2	1	2	2
2	2	2	2	2	2	2	2	2	2	2	2	2	2	2	2	2	2	2	2
1	1	2	1	1	1	1	1	1	1	1	1	1	1	2	2	2	2	2	2
0	0	1	0	0	0	0	0	0	0	0	0	0	0	1	1	1	1	1	1
0	0	0	0	0	0	0	0	0	0	0	0	0	0	0	0	0	0	0	0
0	0	0	0	0	0	0	0	0	0	0	0	0	0	0	0	0	0	0	0
0.457573
0.0608089
2	2	2	2	1	1	1	1	2	2	2	2	1	0	0	0	0	0	0	0
2	2	2	2	2	2	2	2	2	2	2	2	2	1	0	0	0	0	0	0
1	1	1	1	1	1	1	1	1	1	1	1	1	0	0	0	0	0	0	0
0	0	0	0	0	0	0	0	0	0	0	0	0	0	0	0	0	0	0	0
0	0	0	0	0	0	0	0	0	0	0	0	0	0	0	0	0	0	0	0
0	0	0	0	0	0	0	0	0	0	0	0	0	0	0	0	0	0	0	0
0.341776
0.104325
2	2	2	2	2	2	2	2	2	2	2	2	2	2	2	2	2	2	2	2
2	2	2	2	2	2	2	2	2	2	2	2	2	2	2	2	2	2	2	2
1	1	1	1	1	1	1	1	1	1	1	1	1	1	1	1	1	1	1	1
0	0	0	0	0	0	0	0	0	0	0	0	0	0	0	0	0	0	0	0
0	0	0	0	0	0	0	0	0	0	0	0	0	0	0	0	0	0	0	0
0	0	0	0	0	0	0	0	0	0	0	0	0	0	0	0	0	0	0	0
0.485228
0.233355
0	1	2	2	2	1	2	2	2	2	1	0	0	0	0	0	0	0	0	0
0	1	2	2	2	2	2	2	2	2	1	0	0	0	0	0	0	0	0	0
0	0	1	1	1	1	1	1	1	1	0	0	0	0	0	0	0	0	0	0
0	0	0	0	0	0	0	0	0	0	0	0	0	0	0	0	0	0	0	0
0	0	0	0	0	0	0	0	0	0	0	0	0	0	0	0	0	0	0	0
0	0	0	0	0	0	0	0	0	0	0	0	0	0	0	0	0	0	0	0
0.579763
0.360839
2	2	2	2	2	1	1	1	1	2	2	1	2	2	2	2	2	2	2	2
1	1	2	2	2	2	2	2	2	2	2	2	2	2	2	2	2	2	2	2
0	0	1	1	1	1	1	1	1	1	1	1	1	1	1	1	1	1	1	1
0	0	0	0	0	0	0	0	0	0	0	0	0	0	0	0	0	0	0	0
0	0	0	0	0	0	0	0	0	0	0	0	0	0	0	0	0	0	0	0
0	0	0	0	0	0	0	0	0	0	0	0	0	0	0	0	0	0	0	0
0.36399
0.175328
1	2	2	2	2	2	2	2	2	2	2	2	2	2	2	2	2	2	2	2
1	2	2	2	1	1	2	2	2	2	2	2	2	2	2	2	2	2	2	2
0	1	1	1	0	0	1	1	1	1	1	1	1	1	1	1	1	1	1	1
0	0	0	0	0	0	0	0	0	0	0	0	0	0	0	0	0	0	0	0
0	0	0	0	0	0	0	0	0	0	0	0	0	0	0	0	0	0	0	0
0	0	0	0	0	0	0	0	0	0	0	0	0	0	0	0	0	0	0	0
0.440302
0.216896
2	2	2	2	2	2	2	1	2	2	1	1	2	2	2	2	2	2	2	2
2	2	1	1	1	1	2	2	2	2	2	2	2	1	2	2	2	2	2	1
1	1	0	0	0	0	1	1	1	1	1	1	1	0	1	1	1	1	1	0
0	0	0	0	0	0	0	0	0	0	0	0	0	0	0	0	0	0	0	0
0	0	0	0	0	0	0	0	0	0	0	0	0	0	0	0	0	0	0	0
0	0	0	0	0	0	0	0	0	0	0	0	0	0	0	0	0	0	0	0
0.317235
0.150117
